sort -k1 >> error?

marketPlaceId,merchantId,iog,asin,fnsku,rundate,totalDemand,npv,holdingCost,sellRevenue,removeRefund,removeCost,lastRemoveRevenue,lastRemoveQty,errorInfo,monthlyHoldingCost,oneYearHoldingCost,twoYearsHoldingCost
4,10000795735,357478,B003FDRE6W,B003FDRE6W,2017-10-16,0.0,46.45116842648707,0.36555147814594235,47.76603926088639,0.0,0.0,0.0,0.0,,0.19330023602091578,0.36555147814594235,0.36555147814594235
44551,10000795735,357478,,B003FDRE6W,,0.0,0.0,0.0,0.0,0.0,0.0,0.0,0.0,B003FDRE6W,0.0,0.0,0.0
4,10000795735,357478,B00HZS92P4,X000AS4U2T,2017-10-16,0.0,3.2484999999999995,0.0026426533891537153,18.88,0.0,0.0,0.0,0.0,,0.0026426533891537153,0.0026426533891537153,0.0026426533891537153
4,10000795735,357478,B01LYU5OKI,B01LYU5OKI,2017-10-16,0.0,6.5,0.09547382513574204,37.58,0.0,0.0,0.0,0.0,,0.09547382513574204,0.09547382513574204,0.09547382513574204
3,1000220682,289242,B01N6TZ1BS,B01N6TZ1BS,2017-10-16,1.1775600000000006,4.996999999999999,0.06686462165383408,30.4,0.0,0.0,0.0,0.0,,0.06686462165383408,0.06686462165383408,0.06686462165383408
4,1000223262,49243,,X000MB6JQT,,0.0,0.0,0.0,0.0,0.0,0.0,0.0,0.0,B01I5AXJ2M,0.0,0.0,0.0
35691,1000223262,49243,,X000MB6JQT,,0.0,0.0,0.0,0.0,0.0,0.0,0.0,0.0,B01I5AXJ2M,0.0,0.0,0.0
3,1000223262,49243,B01I5AXJ2M,X000MB6JQT,2017-10-16,0.0,7.754999999999999,0.0073148761841196775,46.49999999999999,0.0,0.0,0.0,0.0,,0.0073148761841196775,0.0073148761841196775,0.0073148761841196775
5,1000223262,49243,,X000MB6JQT,,0.0,0.0,0.0,0.0,0.0,0.0,0.0,0.0,B01I5AXJ2M,0.0,0.0,0.0
