1 1 75
1 2 77
1 3 77
1 4 77
1 5 77
1 6 79
1 7 80
1 8 82
1 9 83
1 10 84
1 11 84
1 12 26
1 13 52
1 14 30
1 15 30
1 16 30
1 17 30
1 18 12
1 19 12
2 1 150
2 2 126
2 3 126
2 4 126
2 5 126
2 6 126
2 7 126
2 8 111
2 9 111
2 10 111
2 11 111
2 12 111
2 13 100
2 14 99
2 15 82
2 16 82
2 17 83
2 18 84
2 19 84
2 20 62
2 21 62
2 22 62
2 23 61
2 24 49
2 25 38
2 26 38
2 27 38
2 28 38
2 29 38
2 30 17
2 31 17
2 32 14
2 33 14
2 34 14
2 35 13
2 36 14
2 37 7
2 38 7
4 1 38
4 2 38
4 3 38
4 4 32
4 5 17
4 6 17
4 7 17
4 8 12
4 9 12
4 10 12
4 11 12
4 12 12
4 13 12
4 14 2
4 15 -1
4 16 -1
4 17 -1
4 18 -1
4 19 -1
4 20 -1
4 21 -1
4 22 -1
6 1 152
6 2 152
6 3 142
6 4 142
6 5 133
6 6 133
6 7 133
6 8 130
6 9 130
6 10 130
6 11 122
6 12 116
6 13 116
6 14 105
6 15 96
6 16 96
6 17 28
6 18 96
6 19 28
6 20 28
6 21 71
6 22 69
6 23 68
6 24 64
6 25 63
6 26 59
6 27 45
6 28 31
6 29 31
6 30 31
6 31 20
6 32 20
6 33 20
7 1 58
7 2 77
7 3 63
7 4 59
7 5 45
7 6 31
7 7 31
7 8 31
7 9 14
7 10 14
7 11 14
7 12 13
7 13 1
7 14 1
7 15 1
7 16 1
7 17 -1
7 18 -1
7 19 -1
7 20 -1
7 21 -1
7 22 -1
7 23 -1
7 24 -1
7 25 -1
7 26 -1
7 27 -1
7 28 -1
7 29 -1
7 30 -1
8 1 4
8 2 4
8 3 5
8 4 5
8 5 5
8 6 6
8 7 6
8 8 6
8 9 7
8 10 7
8 11 7
8 12 7
8 13 7
8 14 18
8 15 19
8 16 19
8 17 29
8 18 29
8 19 20
8 20 20
8 21 20
8 22 20
8 23 20
8 24 14
8 25 14
8 26 20
8 27 20
8 28 20
8 29 17
8 30 17
8 31 38
8 32 38
8 33 38
8 34 38
8 35 38
8 36 38
9 1 -1
9 2 -1
9 3 -1
9 4 -1
9 5 -1
9 6 149
9 7 125
9 8 125
9 9 125
9 10 125
9 11 111
9 12 111
9 13 111
9 14 100
9 15 80
9 16 80
9 17 64
9 18 60
9 19 46
9 20 46
9 21 45
9 22 45
9 23 45
9 24 45
9 25 58
9 26 58
11 1 -1
11 2 -1
11 3 -1
11 4 -1
11 5 131
11 6 131
11 7 131
11 8 98
11 9 98
11 10 98
11 11 98
11 12 98
11 13 84
11 14 84
11 15 62
11 16 62
11 17 62
11 18 61
11 19 60
11 20 46
11 21 46
11 22 46
11 23 32
11 24 32
11 25 32
11 26 32
11 27 17
11 28 17
11 29 20
11 30 20
12 1 75
12 2 77
12 3 77
12 4 79
12 5 68
12 6 69
12 7 28
12 8 96
12 9 96
12 10 28
12 11 96
12 12 108
12 13 108
12 14 -1
15 1 20
15 2 20
15 3 14
15 4 14
15 5 14
15 6 13
15 7 1
15 8 1
15 9 1
15 10 1
15 11 -1
15 12 1
15 13 -1
15 14 -1
15 15 -1
15 16 -1
15 17 -1
15 18 -1
15 19 -1
15 20 -1
15 21 -1
15 22 -1
15 23 -1
15 24 -1
15 25 -1
15 26 -1
15 27 -1
15 28 -1
15 29 -1
15 30 -1
15 31 -1
15 32 -1
15 33 -1
15 34 -1
15 35 -1
15 36 -1
15 37 -1
15 38 -1
15 39 -1
16 1 4
16 2 4
16 3 5
16 4 5
16 5 5
16 6 6
16 7 6
16 8 6
16 9 -1
16 10 -1
16 11 -1
16 12 -1
16 13 -1
16 14 -1
16 15 -1
16 16 -1
16 17 -1
16 18 -1
16 19 -1
16 20 -1
16 21 -1
16 22 -1
1000016 1 -1
1000016 2 -1
1000016 3 -1
1000016 4 -1
1000016 5 -1
1000016 6 -1
1000016 7 -1
1000016 8 -1
17 1 -1
17 2 -1
17 3 -1
17 4 28
17 5 -1
17 6 -1
17 7 -1
17 8 -1
17 9 -1
17 10 16
17 11 -1
17 12 9
17 13 -1
17 14 -1
17 15 2
17 16 1
17 17 1
17 18 1
17 19 1
17 20 -1
17 21 -1
17 22 -1
17 23 -1
17 24 -1
17 25 -1
17 26 -1
17 27 -1
17 28 -1
17 29 -1
17 30 -1
17 31 -1
17 32 -1
17 33 -1
18 1 -1
18 2 -1
18 3 -1
18 4 -1
18 5 -1
18 6 -1
18 7 -1
18 8 -1
18 9 -1
18 10 -1
18 11 -1
18 12 -1
18 13 -1
19 1 125
19 2 125
19 3 125
19 4 125
19 5 125
19 6 104
19 7 104
19 8 104
19 9 106
19 10 106
19 11 107
19 12 107
19 13 107
19 14 87
19 15 86
19 16 86
19 17 72
19 18 72
19 19 56
19 20 56
19 21 36
19 22 36
19 23 36
19 24 18
19 25 29
19 26 20
19 27 20
19 28 20
19 29 20
19 30 14
19 31 14
19 32 20
20 1 -1
20 2 -1
20 3 -1
20 4 -1
20 5 -1
20 6 -1
20 7 -1
20 8 -1
20 9 -1
20 10 -1
20 11 -1
20 12 -1
20 13 -1
20 14 -1
20 15 -1
20 16 -1
20 17 -1
20 18 -1
20 19 -1
20 20 -1
20 21 -1
20 22 -1
20 23 -1
20 24 -1
20 25 -1
20 26 -1
20 27 -1
21 1 -1
21 2 -1
21 3 -1
21 4 -1
21 5 -1
21 6 -1
21 7 -1
21 8 -1
21 9 -1
21 10 -1
21 11 -1
21 12 -1
21 13 -1
21 14 -1
21 15 -1
21 16 -1
21 17 -1
21 18 -1
21 19 -1
23 1 -1
23 2 2
23 3 -1
23 4 -1
23 5 -1
23 6 -1
23 7 -1
23 8 -1
23 9 -1
23 10 -1
23 11 -1
23 12 -1
23 13 -1
23 14 -1
23 15 -1
23 16 -1
23 17 -1
23 18 -1
23 19 -1
23 20 -1
1000026 1 4
1000026 2 5
1000026 3 6
1000026 4 6
1000026 5 7
1000026 6 -1
1000026 7 -1
1000026 8 -1
1000026 9 -1
1000026 10 -1
1000026 11 -1
1000026 12 -1
1000026 13 -1
1000026 14 -1
1000026 15 10
1000026 16 10
1000026 17 26
1000026 18 43
1000026 19 51
1000026 20 71
1000026 21 105
1000026 22 105
1000026 23 120
1000026 24 134
1000026 25 142
1000026 26 142
1000026 27 134
1000026 28 133
1000026 29 143
1000026 30 153
1000026 31 -1
27 1 -1
27 2 -1
27 3 -1
27 4 -1
27 5 -1
27 6 -1
27 7 -1
27 8 -1
27 9 -1
27 10 -1
27 11 -1
27 12 -1
27 13 -1
27 14 -1
27 15 -1
27 16 -1
27 17 -1
27 18 -1
27 19 -1
27 20 -1
27 21 -1
27 22 -1
27 23 -1
27 24 -1
27 25 -1
27 26 -1
63 1 4
63 2 5
63 3 5
63 4 5
63 5 6
63 6 6
63 7 6
63 8 7
63 9 7
63 10 7
63 11 7
63 12 7
63 13 -1
63 14 -1
63 15 7
63 16 1
63 17 1
63 18 12
63 19 2
63 20 2
63 21 -1
63 22 10
63 23 10
63 24 10
63 25 27
63 26 43
63 27 51
63 28 51
63 29 28
63 30 96
63 31 96
63 32 28
63 33 96
63 34 108
63 35 108
63 36 -1
66 1 4
66 2 4
66 3 5
66 4 5
66 5 5
66 6 6
66 7 6
66 8 6
66 9 7
66 10 7
66 11 21
66 12 21
66 13 36
66 14 56
66 15 72
66 16 72
66 17 86
66 18 87
66 19 87
66 20 107
66 21 132
66 22 132
66 23 125
66 24 125
66 25 125
66 26 117
66 27 120
66 28 120
66 29 105
66 30 105
66 31 105
66 32 105
66 33 116
66 34 116
66 35 116
66 36 -1
66 37 -1
66 38 -1
66 39 -1
68 1 4
68 2 4
68 3 5
68 4 5
68 5 5
68 6 6
68 7 6
68 8 6
68 9 7
68 10 7
68 11 7
68 12 7
68 13 7
68 14 -1
68 15 -1
68 16 7
68 17 1
68 18 1
68 19 12
68 20 2
68 21 2
68 22 -1
68 23 9
68 24 8
68 25 8
68 26 8
68 27 16
68 28 -1
68 29 -1
68 30 -1
68 31 -1
68 32 -1
101 1 132
101 2 132
101 3 132
101 4 132
101 5 125
101 6 125
101 7 104
101 8 104
101 9 104
101 10 104
101 11 106
101 12 91
101 13 75
101 14 58
101 15 58
101 16 45
101 17 45
101 18 45
101 19 46
101 20 32
101 21 32
101 22 32
101 23 17
101 24 17
101 25 12
101 26 12
101 27 12
101 28 12
102 1 -1
102 2 -1
102 3 -1
102 4 -1
102 5 -1
102 6 -1
102 7 -1
102 8 102
102 9 85
102 10 102
102 11 102
102 12 102
102 13 102
102 14 136
102 15 81
102 16 81
102 17 81
102 18 81
102 19 128
102 20 128
102 21 129
102 22 146
102 23 146
102 24 146
102 25 158
102 26 161
102 27 161
103 1 94
103 2 94
103 3 70
103 4 70
103 5 70
103 6 72
103 7 73
103 8 75
103 9 58
103 10 58
103 11 33
103 12 33
103 13 33
103 14 29
103 15 20
103 16 20
103 17 20
103 18 20
103 19 14
103 20 14
103 21 14
103 22 20
103 23 20
103 24 20
103 25 14
103 26 14
103 27 14
103 28 13
103 29 1
103 30 1
103 31 1
103 32 1
103 33 -1
103 34 -1
103 35 -1
103 36 -1
103 37 -1
103 38 -1
103 39 -1
103 40 -1
103 41 -1
103 42 -1
103 43 -1
103 44 -1
103 45 -1
104 1 58
104 2 77
104 3 77
104 4 63
104 5 59
104 6 45
104 7 31
104 8 31
104 9 31
104 10 17
104 11 17
104 12 17
104 13 17
104 14 17
104 15 12
104 16 12
104 17 12
104 18 12
104 19 12
104 20 12
104 21 12
104 22 2
104 23 -1
104 24 -1
104 25 -1
104 26 -1
104 27 -1
104 28 -1
104 29 -1
105 1 58
105 2 77
105 3 77
105 4 79
105 5 79
105 6 64
105 7 60
105 8 46
105 9 32
105 10 32
105 11 17
105 12 17
105 13 12
105 14 13
105 15 12
105 16 1
105 17 1
105 18 1
105 19 1
105 20 -1
105 21 -1
105 22 -1
105 23 -1
105 24 -1
105 25 -1
105 26 -1
105 27 -1
105 28 -1
105 29 -1
105 30 -1
105 31 -1
105 32 -1
105 33 -1
106 1 -1
106 2 -1
106 3 -1
106 4 -1
106 5 -1
106 6 131
106 7 131
106 8 131
106 9 98
106 10 98
106 11 113
106 12 113
106 13 111
106 14 100
106 15 99
106 16 82
106 17 80
106 18 68
106 19 69
106 20 51
106 21 51
106 22 51
106 23 51
106 24 43
106 25 27
106 26 15
106 27 15
106 28 15
106 29 15
106 30 15
106 31 15
106 32 16
106 33 -1
106 34 -1
106 35 -1
106 36 -1
107 1 58
107 2 63
107 3 63
107 4 59
107 5 45
107 6 45
107 7 31
107 8 31
107 9 20
107 10 20
107 11 20
107 12 14
107 13 14
107 14 14
107 15 13
107 16 1
107 17 1
107 18 1
107 19 1
107 20 -1
107 21 -1
107 22 -1
107 23 -1
107 24 -1
107 25 -1
107 26 -1
107 27 -1
107 28 -1
107 29 -1
107 30 -1
107 31 -1
107 32 -1
107 33 -1
108 1 58
108 2 63
108 3 58
108 4 58
108 5 45
108 6 31
108 7 31
108 8 31
108 9 31
108 10 32
108 11 32
108 12 46
108 13 38
108 14 38
108 15 38
108 16 38
109 1 125
109 2 125
109 3 125
109 4 111
109 5 111
109 6 111
109 7 100
109 8 80
109 9 80
109 10 68
109 11 69
109 12 88
109 13 88
109 14 105
109 15 105
109 16 120
109 17 105
109 18 105
109 19 105
109 20 105
109 21 116
109 22 116
109 23 122
109 24 130
109 25 130
110 1 47
110 2 47
110 3 78
110 4 95
110 5 95
110 6 76
110 7 94
110 8 94
110 9 94
110 10 70
110 11 70
110 12 70
110 13 72
110 14 73
110 15 75
110 16 58
110 17 58
110 18 33
110 19 58
110 20 58
111 1 131
111 2 126
111 3 126
111 4 126
111 5 126
111 6 126
111 7 113
111 8 98
111 9 98
111 10 113
111 11 113
111 12 111
111 13 100
111 14 100
111 15 101
111 16 90
111 17 79
111 18 64
111 19 77
111 20 77
111 21 75
112 1 112
112 2 93
112 3 92
112 4 92
112 5 92
112 6 86
112 7 86
112 8 87
112 9 87
112 10 87
112 11 91
112 12 106
112 13 106
112 14 106
112 15 91
112 16 75
112 17 75
112 18 77
112 19 63
112 20 63
112 21 63
112 22 63
112 23 64
112 24 61
112 25 62
112 26 62
112 27 62
112 28 84
112 29 83
112 30 82
112 31 100
112 32 101
112 33 104
112 34 104
112 35 104
112 36 104
112 37 104
112 38 125
112 39 125
112 40 125
112 41 125
112 42 125
112 43 -1
112 44 -1
112 45 -1
112 46 -1
113 1 155
113 2 156
113 3 132
113 4 125
113 5 104
113 6 104
113 7 104
113 8 104
113 9 104
113 10 104
113 11 104
113 12 90
113 13 79
113 14 64
113 15 77
113 16 63
113 17 63
113 18 58
114 1 -1
114 2 -1
114 3 -1
114 4 -1
114 5 -1
114 6 -1
114 7 -1
114 8 -1
114 9 -1
114 10 -1
114 11 -1
114 12 -1
114 13 -1
114 14 -1
114 15 -1
114 16 -1
114 17 -1
114 18 -1
114 19 -1
114 20 -1
114 21 102
114 22 102
114 23 85
114 24 85
114 25 85
114 26 81
114 27 81
114 28 81
114 29 103
114 30 78
114 31 78
114 32 95
114 33 95
114 34 76
114 35 94
114 36 94
114 37 94
114 38 70
114 39 70
114 40 70
114 41 72
114 42 73
114 43 75
114 44 58
114 45 33
114 46 58
114 47 58
115 1 137
115 2 137
115 3 137
115 4 132
115 5 132
115 6 132
115 7 125
115 8 125
115 9 125
115 10 125
115 11 111
115 12 111
115 13 111
115 14 100
115 15 80
115 16 80
115 17 64
115 18 60
115 19 46
115 20 32
115 21 32
115 22 17
115 23 17
115 24 12
115 25 13
115 26 12
115 27 1
115 28 1
115 29 1
115 30 -1
115 31 -1
115 32 -1
115 33 -1
115 34 -1
115 35 -1
115 36 -1
116 1 -1
116 2 -1
116 3 -1
116 4 -1
116 5 -1
116 6 -1
116 7 125
116 8 125
116 9 125
116 10 125
116 11 111
116 12 111
116 13 111
116 14 100
116 15 80
116 16 80
116 17 64
116 18 60
116 19 46
116 20 32
116 21 32
116 22 17
116 23 17
116 24 14
116 25 14
116 26 14
116 27 13
116 28 1
116 29 1
116 30 1
116 31 1
116 32 -1
116 33 -1
116 34 -1
116 35 -1
116 36 -1
116 37 -1
116 38 -1
116 39 -1
116 40 -1
117 1 142
117 2 142
117 3 134
117 4 134
117 5 120
117 6 105
117 7 105
117 8 88
117 9 88
117 10 88
117 11 71
117 12 51
117 13 69
117 14 65
117 15 64
117 16 64
117 17 77
117 18 77
117 19 75
118 1 -1
118 2 -1
118 3 -1
118 4 -1
118 5 -1
118 6 -1
118 7 -1
118 8 -1
118 9 -1
118 10 -1
118 11 -1
118 12 -1
118 13 -1
118 14 -1
118 15 116
118 16 116
118 17 116
118 18 105
118 19 105
118 20 105
118 21 105
118 22 105
118 23 105
118 24 88
118 25 88
120 1 20
120 2 20
120 3 14
120 4 14
120 5 14
120 6 13
120 7 1
120 8 1
120 9 1
120 10 1
120 11 -1
120 12 -1
120 13 -1
120 14 -1
120 15 -1
120 16 -1
120 17 -1
120 18 -1
120 19 -1
120 20 -1
120 21 -1
120 22 -1
120 23 -1
120 24 -1
120 25 -1
120 26 -1
120 27 -1
120 28 -1
120 29 -1
120 30 -1
120 31 -1
120 32 -1
121 1 -1
121 2 -1
121 3 -1
121 4 -1
121 5 6
121 6 6
121 7 6
121 8 6
121 9 5
121 10 5
121 11 22
121 12 22
121 13 22
121 14 22
121 15 22
121 16 21
121 17 18
121 18 33
121 19 33
121 20 33
121 21 58
121 22 58
122 1 137
122 2 139
122 3 112
122 4 107
122 5 86
122 6 86
122 7 72
122 8 56
122 9 36
122 10 34
122 11 33
122 12 45
122 13 45
122 14 45
122 15 45
122 16 46
122 17 46
122 18 49
122 19 49
122 20 38
122 21 38
122 22 38
122 23 30
122 24 30
122 25 30
122 26 12
122 27 12
122 28 12
122 29 12
122 30 11
122 31 12
122 32 12
122 33 12
122 34 2
123 1 97
123 2 83
123 3 84
123 4 84
123 5 26
123 6 52
123 7 38
123 8 38
123 9 38
123 10 38
123 11 17
123 12 17
123 13 17
123 14 12
123 15 13
123 16 13
123 17 13
123 18 1
123 19 1
123 20 1
123 21 1
123 22 -1
123 23 -1
123 24 -1
123 25 -1
123 26 -1
123 27 -1
123 28 -1
123 29 -1
123 30 -1
123 31 -1
123 32 -1
123 33 -1
123 34 -1
123 35 -1
124 1 4
124 2 4
124 3 5
124 4 5
124 5 5
124 6 6
124 7 -1
124 8 -1
124 9 -1
124 10 -1
124 11 -1
124 12 -1
124 13 7
124 14 7
124 15 -1
124 16 -1
124 17 7
124 18 1
124 19 1
124 20 13
124 21 14
124 22 14
124 23 14
124 24 31
124 25 31
124 26 45
124 27 59
124 28 63
124 29 64
124 30 60
124 31 61
124 32 61
125 1 20
125 2 20
125 3 14
125 4 17
125 5 17
125 6 12
125 7 13
125 8 12
125 9 1
125 10 1
125 11 1
125 12 1
125 13 -1
125 14 -1
125 15 -1
125 16 -1
125 17 -1
125 18 -1
125 19 -1
125 20 -1
125 21 -1
125 22 -1
125 23 -1
125 24 -1
125 25 -1
125 26 -1
125 27 -1
125 28 -1
125 29 -1
125 30 -1
125 31 -1
125 32 -1
125 33 -1
125 34 -1
125 35 -1
125 36 -1
126 1 94
126 2 94
126 3 70
126 4 70
126 5 70
126 6 72
126 7 73
126 8 75
126 9 58
126 10 58
126 11 33
126 12 58
126 13 75
127 1 164
127 2 164
127 3 164
127 4 164
127 5 158
127 6 144
127 7 144
127 8 127
127 9 127
127 10 115
127 11 115
127 12 115
127 13 115
127 14 95
127 15 95
127 16 76
127 17 94
127 18 94
127 19 94
127 20 70
127 21 70
127 22 70
127 23 72
127 24 73
127 25 75
127 26 75
127 27 77
127 28 75
128 1 -1
128 2 -1
128 3 -1
128 4 -1
128 5 -1
128 6 -1
128 7 -1
128 8 -1
128 9 125
128 10 125
128 11 125
128 12 125
128 13 111
128 14 111
128 15 111
128 16 111
128 17 111
128 18 113
128 19 98
128 20 97
128 21 97
128 22 83
129 1 -1
129 2 -1
129 3 -1
129 4 -1
129 5 -1
129 6 -1
129 7 -1
129 8 -1
129 9 -1
129 10 -1
129 11 -1
129 12 -1
129 13 -1
129 14 -1
129 15 -1
129 16 -1
129 17 -1
129 18 -1
129 19 -1
129 20 -1
129 21 -1
129 22 -1
129 23 -1
130 1 94
130 2 94
130 3 70
130 4 70
130 5 70
130 6 55
130 7 55
130 8 36
130 9 34
130 10 33
130 11 45
130 12 45
130 13 45
130 14 45
130 15 46
130 16 46
130 17 49
130 18 49
130 19 38
130 20 38
130 21 38
130 22 38
130 23 38
131 1 67
131 2 67
131 3 70
131 4 55
131 5 55
131 6 36
131 7 34
131 8 33
131 9 45
131 10 45
131 11 45
131 12 59
131 13 63
131 14 79
131 15 79
131 16 90
131 17 104
131 18 104
131 19 104
131 20 104
131 21 104
131 22 104
131 23 104
131 24 125
131 25 125
131 26 132
131 27 155
131 28 -1
131 29 -1
131 30 -1
131 31 -1
131 32 151
131 33 152
131 34 152
131 35 145
131 36 150
131 37 150
131 38 150
132 1 139
132 2 139
132 3 137
132 4 156
132 5 137
132 6 137
132 7 137
132 8 132
132 9 132
132 10 125
132 11 125
132 12 125
132 13 126
132 14 131
132 15 117
132 16 120
132 17 105
132 18 105
132 19 88
132 20 88
132 21 88
132 22 71
132 23 51
132 24 51
132 25 51
132 26 43
132 27 43
132 28 27
132 29 15
132 30 15
132 31 15
132 32 16
132 33 -1
132 34 -1
132 35 -1
1000134 1 -1
1000134 2 -1
1000134 3 -1
1000134 4 -1
1000134 5 -1
1000134 6 -1
134 1 38
134 2 38
134 3 38
134 4 38
134 5 38
134 6 30
134 7 30
134 8 30
134 9 12
134 10 12
134 11 12
134 12 12
134 13 11
134 14 12
134 15 12
134 16 12
134 17 2
134 18 -1
134 19 -1
134 20 -1
134 21 -1
134 22 -1
134 23 -1
134 24 -1
134 25 -1
134 26 -1
134 27 -1
134 28 -1
134 29 -1
134 30 -1
134 31 -1
134 32 -1
134 33 -1
134 34 -1
134 35 -1
134 36 -1
134 37 -1
134 38 -1
134 39 -1
135 1 4
135 2 4
135 3 5
135 4 5
135 5 5
135 6 6
135 7 6
135 8 6
135 9 7
135 10 7
135 11 7
135 12 7
135 13 7
135 14 7
135 15 19
135 16 19
135 17 29
135 18 29
135 19 31
135 20 31
135 21 33
135 22 58
135 23 58
136 1 161
136 2 158
136 3 161
136 4 141
136 5 141
136 6 141
136 7 141
136 8 139
136 9 139
136 10 137
136 11 156
136 12 137
136 13 137
136 14 137
136 15 132
136 16 132
136 17 125
136 18 125
136 19 125
136 20 104
136 21 104
136 22 104
136 23 104
136 24 104
136 25 90
136 26 79
136 27 77
136 28 77
136 29 77
136 30 75
137 1 30
137 2 30
137 3 30
137 4 38
137 5 38
137 6 38
137 7 38
137 8 38
137 9 17
137 10 17
137 11 14
137 12 14
137 13 14
137 14 13
137 15 1
137 16 1
137 17 1
137 18 1
137 19 -1
137 20 -1
137 21 -1
137 22 -1
137 23 -1
137 24 -1
137 25 -1
137 26 -1
137 27 -1
137 28 -1
137 29 -1
137 30 -1
137 31 -1
138 1 62
138 2 62
138 3 61
138 4 64
138 5 63
138 6 59
138 7 45
138 8 45
138 9 45
138 10 31
138 11 20
138 12 20
138 13 20
138 14 14
138 15 14
138 16 14
138 17 14
138 18 14
138 19 7
138 20 7
138 21 7
138 22 7
139 1 107
139 2 107
139 3 107
139 4 107
139 5 87
139 6 87
139 7 87
139 8 91
139 9 106
139 10 106
139 11 106
139 12 91
139 13 75
139 14 58
139 15 63
139 16 63
139 17 63
139 18 63
139 19 64
139 20 60
139 21 49
139 22 38
139 23 38
139 24 38
139 25 30
139 26 30
139 27 30
139 28 12
139 29 12
139 30 12
139 31 12
139 32 11
139 33 12
139 34 12
139 35 12
140 1 38
140 2 38
140 3 38
140 4 38
140 5 38
140 6 38
140 7 38
140 8 17
140 9 17
140 10 17
140 11 12
140 12 13
140 13 12
140 14 1
140 15 1
140 16 1
140 17 1
140 18 -1
140 19 -1
140 20 -1
140 21 -1
140 22 -1
140 23 -1
140 24 -1
140 25 -1
140 26 -1
140 27 -1
140 28 -1
140 29 -1
140 30 -1
140 31 -1
140 32 -1
140 33 -1
140 34 -1
140 35 -1
140 36 -1
140 37 -1
141 1 38
141 2 38
141 3 38
141 4 38
141 5 38
141 6 38
141 7 38
141 8 38
141 9 17
141 10 17
141 11 12
141 12 13
141 13 12
141 14 1
141 15 1
141 16 1
141 17 1
141 18 -1
141 19 -1
141 20 -1
141 21 -1
141 22 -1
141 23 -1
141 24 -1
141 25 -1
141 26 -1
141 27 -1
141 28 -1
141 29 -1
141 30 -1
141 31 -1
141 32 -1
141 33 -1
141 34 -1
141 35 -1
141 36 -1
141 37 -1
141 38 -1
141 39 -1
142 1 -1
142 2 -1
142 3 -1
142 4 -1
142 5 -1
142 6 -1
142 7 -1
142 8 -1
142 9 -1
142 10 -1
142 11 -1
142 12 162
142 13 -1
142 14 156
142 15 156
142 16 137
142 17 139
142 18 112
142 19 107
142 20 107
142 21 107
142 22 87
142 23 86
142 24 86
142 25 73
142 26 75
142 27 75
142 28 77
142 29 77
142 30 77
142 31 79
142 32 80
142 33 82
142 34 99
142 35 111
142 36 111
142 37 111
142 38 111
142 39 111
142 40 110
142 41 125
142 42 126
143 1 54
143 2 39
143 3 66
143 4 67
143 5 70
143 6 55
143 7 55
143 8 36
143 9 36
143 10 36
143 11 36
143 12 29
143 13 29
143 14 20
143 15 31
143 16 20
143 17 20
143 18 20
143 19 20
143 20 17
143 21 32
143 22 32
143 23 32
143 24 32
143 25 46
143 26 49
143 27 61
143 28 62
143 29 62
143 30 62
143 31 84
143 32 83
143 33 83
143 34 99
143 35 99
143 36 111
143 37 111
143 38 111
143 39 113
143 40 98
143 41 98
143 42 98
143 43 126
143 44 125
143 45 125
143 46 125
143 47 125
143 48 104
143 49 104
143 50 104
143 51 106
143 52 106
143 53 106
143 54 107
143 55 107
143 56 109
143 57 92
143 58 92
143 59 92
143 60 70
143 61 54
143 62 37
145 1 62
145 2 62
145 3 61
145 4 49
145 5 38
145 6 38
145 7 38
145 8 38
145 9 17
145 10 17
145 11 14
145 12 14
145 13 14
145 14 13
145 15 1
145 16 1
145 17 1
145 18 1
145 19 -1
145 20 -1
145 21 -1
145 22 -1
145 23 -1
145 24 -1
145 25 -1
145 26 -1
145 27 -1
145 28 -1
145 29 -1
145 30 -1
145 31 -1
145 32 -1
145 33 -1
145 34 -1
146 1 125
146 2 104
146 3 104
146 4 104
146 5 104
146 6 104
146 7 90
146 8 79
146 9 64
146 10 63
146 11 59
146 12 45
146 13 31
146 14 31
146 15 31
146 16 14
146 17 14
146 18 14
146 19 14
146 20 14
146 21 14
146 22 14
146 23 7
147 1 137
147 2 123
147 3 132
147 4 123
147 5 104
147 6 104
147 7 104
147 8 106
147 9 106
147 10 106
147 11 107
147 12 87
147 13 86
147 14 86
147 15 72
147 16 72
147 17 56
147 18 56
147 19 36
147 20 36
147 21 36
147 22 18
147 23 18
147 24 21
147 25 18
147 26 19
147 27 7
147 28 7
147 29 7
147 30 7
147 31 7
147 32 7
147 33 7
147 34 7
147 35 7
147 36 7
147 37 -1
147 38 -1
147 39 -1
147 40 -1
147 41 -1
147 42 -1
147 43 -1
147 44 -1
147 45 -1
147 46 -1
147 47 -1
147 48 -1
147 49 -1
147 50 -1
147 51 -1
147 52 -1
147 53 -1
147 54 -1
147 55 -1
147 56 -1
147 57 -1
148 1 4
148 2 4
148 3 23
148 4 23
148 5 24
148 6 23
148 7 23
148 8 22
148 9 21
148 10 21
148 11 18
148 12 33
148 13 33
148 14 33
148 15 33
148 16 58
148 17 58
148 18 75
148 19 91
148 20 106
148 21 106
148 22 106
148 23 106
148 24 107
148 25 107
148 26 121
148 27 123
148 0 -1
148 1 -1
148 2 -1
148 3 -1
148 4 -1
148 5 -1
1000149 1 -1
1000149 2 -1
1000149 3 -1
1000149 4 -1
1000149 5 -1
1000149 6 -1
149 1 -1
149 2 -1
149 3 -1
149 4 -1
149 5 -1
149 6 -1
149 7 -1
149 8 -1
149 9 -1
149 10 -1
149 11 -1
149 12 -1
149 13 -1
149 14 125
149 15 125
149 16 125
149 17 126
149 18 131
149 19 117
149 20 120
149 21 120
149 22 105
149 23 105
149 24 105
149 25 105
149 26 116
149 27 116
149 28 116
149 29 -1
149 30 -1
149 31 -1
149 32 -1
150 1 132
150 2 137
150 3 137
150 4 137
150 5 132
150 6 132
150 7 125
150 8 125
150 9 125
150 10 125
150 11 125
150 12 104
150 13 104
150 14 104
150 15 104
150 16 104
150 17 101
150 18 80
150 19 80
150 20 64
150 21 60
150 22 46
150 23 32
150 24 32
150 25 17
150 26 17
150 27 12
150 28 12
150 29 12
150 30 12
150 31 12
150 32 12
150 33 12
150 34 2
152 1 105
152 2 88
152 3 88
152 4 88
152 5 71
152 6 51
152 7 51
152 8 51
152 9 43
152 10 27
152 11 10
152 12 10
152 13 10
152 14 9
152 15 -1
152 16 -1
152 17 -1
152 18 2
152 19 2
152 20 12
152 21 1
152 22 1
152 23 1
152 24 1
152 25 -1
152 26 -1
152 27 -1
152 28 -1
152 29 -1
152 30 -1
152 31 -1
152 32 -1
152 33 -1
152 34 -1
152 35 -1
152 36 -1
152 37 -1
156 1 5
156 2 23
156 3 22
156 4 22
156 5 37
156 6 37
156 7 54
156 8 70
156 9 70
156 10 87
156 11 87
156 12 107
156 13 106
156 14 106
156 15 106
156 16 104
156 17 106
158 1 164
158 2 164
158 3 164
158 4 161
158 5 161
158 6 161
158 7 141
158 8 141
158 9 141
158 10 124
158 11 124
158 12 139
158 13 139
158 14 137
158 15 139
158 16 112
158 17 121
158 18 107
158 19 87
158 20 75
158 21 58
158 22 58
158 23 33
158 24 58
158 25 75
159 1 4
159 2 5
159 3 5
159 4 5
159 5 6
159 6 6
159 7 7
159 8 7
159 9 7
159 10 7
159 11 7
159 12 7
159 13 7
159 14 7
159 15 7
159 16 -1
159 17 -1
159 18 7
159 19 1
159 20 1
159 21 13
159 22 14
159 23 14
159 24 14
159 25 17
159 26 17
159 27 32
159 28 32
159 29 46
159 30 60
159 31 64
159 32 80
159 33 100
159 34 111
159 35 111
159 36 111
159 37 110
159 38 125
159 39 125
159 40 125
159 41 125
159 42 125
159 43 -1
159 44 -1
159 45 -1
159 46 -1
159 47 -1
159 48 -1
160 1 4
160 2 5
160 3 5
160 4 5
160 5 5
160 6 23
160 7 22
160 8 22
160 9 22
160 10 21
160 11 21
160 12 21
160 13 18
160 14 29
160 15 20
160 16 31
160 17 20
160 18 20
160 19 20
160 20 17
160 21 17
160 22 38
160 23 38
160 24 38
160 25 38
160 26 30
160 27 30
160 28 30
160 29 12
160 30 12
167 1 4
167 2 5
167 3 5
167 4 5
167 5 6
167 6 6
167 7 6
167 8 7
167 9 7
167 10 7
167 11 7
167 12 7
167 13 -1
167 14 -1
167 15 7
167 16 1
167 17 1
167 18 13
167 19 14
167 20 14
167 21 14
167 22 17
167 23 38
167 24 38
167 25 38
167 26 38
167 27 49
167 28 49
167 29 60
167 30 61
167 31 62
167 32 62
167 33 62
167 34 84
167 35 83
167 36 97
167 37 99
167 38 111
167 39 111
167 40 111
167 41 113
167 42 98
167 43 98
167 44 113
167 45 126
167 46 126
1000168 1 47
1000168 2 47
1000168 3 47
1000168 4 47
1000168 5 47
1000168 6 48
1000168 7 50
1000168 8 50
1000168 9 53
1000168 10 35
1000168 11 36
1000168 12 34
1000168 13 33
1000168 14 58
1000168 15 58
168 1 94
168 2 74
168 3 74
168 4 35
168 5 36
168 6 34
168 7 33
168 8 58
168 9 58
168 10 75
168 11 77
168 12 77
168 13 77
168 14 90
168 15 101
168 16 111
168 17 111
168 18 111
168 19 111
168 20 113
168 21 98
168 22 98
168 23 98
168 24 131
168 25 117
168 26 134
168 27 142
168 28 142
168 29 142
168 30 142
168 31 134
168 32 133
168 33 133
168 34 133
168 35 120
168 36 120
168 37 116
168 38 116
168 39 116
168 40 -1
168 41 -1
168 42 -1
168 43 -1
171 1 58
171 2 63
171 3 63
171 4 63
171 5 63
171 6 64
171 7 60
171 8 49
171 9 49
171 10 49
171 11 38
171 12 52
171 13 26
171 14 84
171 15 83
171 16 99
171 17 100
171 18 101
171 19 90
171 20 79
171 21 77
171 22 77
171 23 77
171 24 58
171 25 58
202 1 107
202 2 107
202 3 107
202 4 106
202 5 106
202 6 106
202 7 106
202 8 91
202 9 75
202 10 75
202 11 77
202 12 77
202 13 63
202 14 64
202 15 61
202 16 62
202 17 62
202 18 62
202 19 51
202 20 51
202 21 51
202 22 51
202 23 43
202 24 27
202 25 15
202 26 15
202 27 15
202 28 15
202 29 15
202 30 15
202 31 16
202 32 16
202 33 -1
203 1 -1
203 2 -1
203 3 -1
203 4 -1
203 5 -1
203 6 -1
203 7 -1
203 8 162
203 9 -1
203 10 -1
203 11 -1
203 12 -1
203 13 -1
203 14 -1
203 15 155
203 16 132
203 17 125
203 18 125
203 19 104
203 20 104
203 21 104
203 22 104
203 23 104
203 24 104
203 25 101
203 26 111
203 27 100
203 28 99
203 29 105
203 30 105
203 31 105
203 32 105
203 33 105
203 34 116
203 35 116
203 36 116
203 37 -1
203 38 -1
203 39 -1
203 40 -1
204 1 -1
204 2 -1
204 3 -1
204 4 -1
204 5 102
204 6 102
204 7 102
204 8 102
204 9 102
204 10 102
204 11 85
204 12 81
204 13 81
204 14 81
204 15 81
204 16 81
204 17 81
204 18 103
204 19 115
204 20 115
204 21 94
204 22 94
204 23 94
204 24 94
204 25 94
204 26 94
204 27 114
204 28 114
204 29 109
204 30 86
204 31 86
204 32 86
204 33 86
204 34 72
204 35 72
204 36 56
204 37 56
204 38 36
204 39 36
204 40 36
204 41 18
204 42 18
204 43 21
206 1 -1
206 2 -1
206 3 -1
206 4 -1
206 5 -1
206 6 -1
206 7 -1
206 8 -1
206 9 -1
206 10 -1
206 11 -1
206 12 -1
206 13 -1
206 14 -1
206 15 -1
206 16 -1
206 17 -1
206 18 -1
206 19 -1
206 20 -1
206 21 -1
206 22 -1
206 23 -1
206 24 -1
206 25 -1
206 26 -1
206 27 -1
206 28 -1
206 29 -1
206 30 -1
206 31 -1
206 32 -1
206 33 -1
206 34 -1
207 1 -1
207 2 -1
207 3 -1
207 4 -1
207 5 -1
207 6 -1
207 7 -1
207 8 -1
207 9 -1
207 10 -1
207 11 -1
207 12 -1
207 13 -1
207 14 -1
207 15 -1
207 16 -1
207 17 -1
207 18 -1
207 19 28
207 20 -1
207 21 -1
207 22 -1
207 23 -1
207 24 -1
207 25 16
207 26 -1
207 27 -1
207 28 -1
207 29 -1
207 30 -1
207 31 -1
207 32 -1
208 1 4
208 2 4
208 3 23
208 4 23
208 5 24
208 6 23
208 7 23
208 8 22
208 9 35
208 10 35
208 11 35
208 12 55
208 13 55
208 14 70
208 15 70
208 16 70
208 17 70
208 18 92
208 19 92
208 20 92
208 21 109
208 22 107
208 23 107
208 24 132
208 25 132
208 26 125
208 27 125
208 28 125
208 29 125
208 30 125
208 31 125
208 32 125
208 33 -1
208 34 -1
208 35 -1
208 36 -1
208 37 -1
208 38 -1
208 39 -1
208 40 -1
209 1 12
209 2 12
209 3 12
209 4 12
209 5 12
209 6 2
209 7 2
209 8 12
209 9 1
209 10 1
209 11 1
209 12 1
209 13 1
209 14 -1
209 15 -1
209 16 -1
209 17 -1
209 18 -1
209 19 -1
209 20 -1
209 21 -1
209 22 -1
209 23 -1
209 24 -1
209 25 -1
209 26 -1
209 27 -1
209 28 -1
209 29 -1
209 30 -1
209 31 -1
209 32 -1
209 33 -1
210 1 37
210 2 22
210 3 22
210 4 22
210 5 22
210 6 5
210 7 5
210 8 6
210 9 6
210 10 6
210 11 6
210 12 -1
210 13 -1
210 14 -1
210 15 -1
210 16 -1
210 17 -1
210 18 -1
210 19 -1
210 20 -1
210 21 -1
210 22 -1
210 23 -1
210 24 -1
210 25 -1
210 26 -1
210 27 -1
210 28 -1
210 29 -1
210 30 -1
210 31 -1
210 32 -1
210 33 -1
210 34 -1
210 35 -1
210 36 -1
210 37 -1
210 38 -1
210 39 -1
210 40 -1
211 1 -1
211 2 -1
211 3 -1
211 4 -1
211 5 -1
211 6 -1
211 7 -1
211 8 -1
211 9 -1
211 10 -1
211 11 152
211 12 152
211 13 152
211 14 142
211 15 134
211 16 134
211 17 120
211 18 120
211 19 120
211 20 120
211 21 120
211 22 120
211 23 105
211 24 105
211 25 116
211 26 116
211 27 108
211 28 -1
211 29 -1
211 30 -1
211 31 -1
211 32 -1
211 33 -1
211 34 -1
211 35 -1
211 36 -1
211 37 -1
211 38 -1
211 39 -1
212 1 24
212 2 24
212 3 23
212 4 5
212 5 4
212 6 4
212 7 4
212 8 -1
212 9 -1
212 10 -1
212 11 -1
212 12 -1
212 13 -1
212 14 -1
212 15 -1
212 16 -1
212 17 -1
212 18 -1
212 19 -1
212 20 -1
212 21 -1
212 22 -1
212 23 -1
212 24 -1
212 25 -1
212 26 -1
212 27 -1
212 28 -1
212 29 -1
212 30 -1
212 31 -1
212 32 -1
212 33 -1
212 34 -1
212 35 -1
212 36 -1
212 37 -1
212 38 -1
212 39 -1
212 40 -1
212 41 -1
212 42 -1
212 43 -1
212 44 -1
212 45 -1
212 46 -1
212 47 -1
212 48 -1
212 49 -1
215 1 24
215 2 23
215 3 23
215 4 22
215 5 36
215 6 36
215 7 36
215 8 56
215 9 73
215 10 87
215 11 107
215 12 156
215 13 -1
215 14 -1
215 15 -1
215 16 -1
215 17 -1
215 18 151
215 19 152
215 20 152
215 21 152
215 22 142
215 23 142
215 24 143
215 25 140
215 26 140
215 27 -1
216 1 -1
216 2 -1
216 3 -1
216 4 -1
216 5 -1
216 6 -1
216 7 -1
216 8 -1
216 9 155
216 10 132
216 11 132
216 12 132
216 13 139
216 14 139
216 15 139
216 16 141
216 17 141
216 18 141
216 19 144
216 20 144
216 21 144
216 22 146
216 23 146
216 24 157
216 25 147
216 26 147
216 27 147
216 28 148
216 29 159
216 30 159
216 31 159
216 32 159
216 33 159
218 1 -1
218 2 -1
218 3 -1
218 4 -1
218 5 -1
218 6 -1
218 7 -1
218 8 -1
218 9 -1
218 10 -1
218 11 -1
218 12 -1
218 13 -1
218 14 -1
218 15 -1
218 16 149
218 17 149
219 1 28
219 2 28
219 3 -1
219 4 -1
219 5 -1
219 6 -1
219 7 -1
219 8 -1
219 9 -1
219 10 -1
219 11 -1
219 12 -1
219 13 -1
219 14 -1
219 15 -1
219 16 -1
219 17 -1
219 18 -1
219 19 -1
219 20 -1
219 21 -1
219 22 -1
219 23 -1
219 24 -1
219 25 -1
219 26 -1
219 27 -1
219 28 -1
219 29 -1
219 30 -1
219 31 -1
219 32 -1
219 33 -1
219 34 -1
219 35 -1
219 36 -1
219 37 -1
222 1 139
222 2 139
222 3 132
222 4 132
222 5 125
222 6 125
222 7 125
222 8 104
222 9 104
222 10 104
222 11 104
222 12 104
222 13 101
222 14 100
222 15 99
222 16 97
222 17 98
222 18 84
222 19 84
222 20 26
222 21 52
222 22 30
222 23 30
222 24 30
222 25 30
222 26 10
222 27 10
222 28 10
222 29 10
222 30 -1
222 31 -1
222 32 -1
222 33 -1
222 34 -1
222 35 -1
225 1 75
225 2 77
225 3 63
225 4 59
225 5 45
225 6 31
225 7 31
225 8 31
225 9 17
225 10 32
225 11 38
225 12 38
225 13 38
225 14 38
225 15 38
225 16 38
225 17 38
225 18 30
225 19 30
225 20 30
225 21 12
225 22 27
225 23 15
225 24 15
225 25 15
225 26 15
225 27 15
225 28 15
225 29 16
225 30 16
225 31 -1
301 1 57
301 2 72
301 3 72
301 4 73
301 5 75
301 6 75
301 7 77
301 8 77
301 9 77
301 10 79
301 11 80
301 12 82
301 13 83
301 14 69
301 15 28
301 16 96
301 17 96
301 18 28
301 19 96
301 20 96
301 21 105
301 22 116
301 23 116
301 24 116
301 25 -1
301 26 -1
301 27 -1
301 28 -1
302 1 126
302 2 111
302 3 125
302 4 117
302 5 120
302 6 120
302 7 120
302 8 130
302 9 130
302 10 -1
302 11 -1
302 12 -1
302 13 -1
302 14 -1
302 15 -1
302 16 -1
302 17 -1
302 18 -1
302 19 -1
303 1 137
303 2 123
303 3 132
303 4 123
303 5 104
303 6 104
303 7 104
303 8 104
303 9 104
303 10 104
303 11 101
303 12 80
303 13 80
303 14 65
303 15 68
303 16 69
303 17 28
303 18 96
303 19 96
303 20 28
303 21 96
303 22 96
303 23 105
303 24 120
303 25 120
303 26 133
303 27 143
303 28 143
303 29 153
303 30 153
303 31 -1
305 1 71
305 2 71
305 3 51
305 4 51
305 5 51
305 6 43
305 7 27
305 8 15
305 9 15
305 10 15
305 11 16
305 12 -1
305 13 -1
305 14 -1
305 15 -1
306 1 150
306 2 150
306 3 145
306 4 145
306 5 142
306 6 142
306 7 142
306 8 133
306 9 133
306 10 133
306 11 120
306 12 120
306 13 116
306 14 116
306 15 116
306 16 116
306 17 108
306 18 108
306 19 -1
306 20 -1
306 21 -1
306 22 -1
306 23 -1
306 24 -1
306 25 -1
306 26 -1
306 27 -1
306 28 -1
306 29 -1
306 30 -1
306 31 -1
306 32 -1
306 33 -1
306 34 -1
306 35 -1
306 36 -1
308 1 57
308 2 33
308 3 45
308 4 45
308 5 45
308 6 45
308 7 46
308 8 46
308 9 60
308 10 61
308 11 62
308 12 62
308 13 62
308 14 88
308 15 88
308 16 105
308 17 105
308 18 120
308 19 105
308 20 105
308 21 105
308 22 105
308 23 120
308 24 120
308 25 133
308 26 143
308 27 140
308 28 140
308 29 140
309 1 -1
309 2 -1
309 3 -1
309 4 -1
309 5 -1
309 6 -1
309 7 -1
309 8 -1
309 9 -1
309 10 -1
309 11 -1
309 12 -1
309 13 -1
309 14 -1
309 15 -1
309 16 -1
309 17 -1
309 18 -1
309 19 -1
309 20 -1
309 21 108
309 22 108
309 23 108
309 24 28
309 25 96
309 26 96
309 27 28
309 28 71
309 29 51
309 30 51
311 1 94
311 2 94
311 3 94
311 4 114
311 5 114
311 6 92
311 7 92
311 8 92
311 9 70
311 10 70
311 11 72
311 12 73
311 13 75
311 14 75
311 15 77
311 16 77
311 17 59
311 18 45
311 19 46
311 20 46
311 21 49
311 22 49
311 23 38
311 24 38
311 25 38
311 26 30
311 27 30
311 28 30
311 29 12
311 30 10
311 31 9
311 32 9
311 33 9
311 34 15
311 35 16
311 36 16
311 37 16
311 38 16
311 39 -1
312 1 28
312 2 96
312 3 96
312 4 28
312 5 28
312 6 -1
312 7 -1
312 8 -1
312 9 -1
312 10 -1
312 11 -1
312 12 -1
312 13 -1
312 14 -1
312 15 -1
312 16 -1
312 17 -1
312 18 -1
313 1 -1
313 2 -1
313 3 -1
313 4 -1
313 5 -1
313 6 -1
313 7 -1
313 8 -1
313 9 -1
313 10 -1
313 11 -1
313 12 -1
313 13 -1
313 14 -1
313 15 -1
313 16 -1
313 17 -1
313 18 -1
313 19 -1
313 20 -1
314 1 20
314 2 20
314 3 17
314 4 17
314 5 38
314 6 38
314 7 38
314 8 38
314 9 38
314 10 49
314 11 49
314 12 60
314 13 64
314 14 68
314 15 69
314 16 28
314 17 96
314 18 96
314 19 28
314 20 96
314 21 108
314 22 108
314 23 -1
315 1 51
315 2 51
315 3 71
315 4 71
315 5 28
315 6 96
315 7 96
315 8 28
315 9 96
315 10 108
315 11 108
315 12 -1
315 13 -1
315 14 -1
315 15 -1
315 16 -1
315 17 -1
315 18 -1
315 19 -1
315 20 -1
315 21 -1
315 22 -1
315 23 -1
315 24 -1
315 25 -1
315 26 -1
315 27 -1
317 1 47
317 2 48
317 3 50
317 4 50
317 5 53
317 6 35
317 7 36
317 8 34
317 9 33
317 10 58
317 11 58
317 12 77
317 13 77
317 14 79
317 15 79
317 16 65
317 17 69
317 18 28
317 19 96
317 20 105
317 21 105
317 22 105
317 23 105
317 24 105
317 25 105
317 26 116
317 27 116
317 28 108
317 29 -1
317 30 -1
318 1 -1
318 2 -1
318 3 -1
318 4 -1
318 5 152
318 6 152
318 7 152
318 8 142
318 9 134
318 10 134
318 11 120
318 12 105
318 13 105
318 14 88
318 15 88
318 16 88
318 17 71
318 18 51
318 19 51
1000318 1 51
1000318 2 43
1000318 3 27
1000318 4 10
1000318 5 10
1000318 6 10
1000318 7 9
1000318 8 -1
1000318 9 -1
1000318 10 -1
1000318 11 -1
1000318 12 -1
325 1 51
325 2 51
325 3 71
325 4 71
325 5 28
325 6 96
325 7 28
325 8 28
325 9 28
348 1 4
348 2 4
348 3 23
348 4 23
348 5 24
348 6 23
348 7 23
348 8 22
348 9 21
348 10 21
348 11 18
348 12 33
348 13 33
348 14 33
348 15 33
348 16 58
348 17 63
348 18 63
348 19 63
348 20 59
348 21 45
348 22 46
348 23 46
348 24 60
348 25 64
348 26 80
348 27 100
348 28 111
348 29 111
348 30 111
348 31 110
348 32 125
348 33 117
348 34 120
348 35 120
348 36 105
348 37 105
348 38 105
348 39 105
348 40 116
348 41 116
348 42 116
348 43 -1
348 44 -1
348 45 -1
348 46 -1
355 1 28
355 2 28
355 3 28
355 4 96
355 5 96
355 6 28
355 7 71
355 8 88
355 9 88
355 10 105
355 11 105
355 12 120
355 13 105
355 14 105
355 15 105
355 16 105
355 17 120
355 18 120
355 19 133
355 20 143
355 21 143
355 22 153
355 23 153
355 24 -1
355 25 -1
355 26 -1
355 27 -1
355 28 -1
355 29 -1
355 30 -1
355 31 -1
355 32 -1
355 33 -1
355 34 -1
355 35 -1
355 36 -1
355 37 -1
355 38 -1
355 39 -1
355 40 -1
355 41 -1
355 42 -1
355 43 -1
355 44 -1
355 45 -1
355 46 -1
355 47 -1
357 1 150
357 2 126
357 3 126
357 4 131
357 5 98
357 6 126
357 7 126
357 8 111
357 9 125
357 10 117
357 11 134
357 12 142
357 13 142
357 14 152
357 15 152
357 16 153
357 17 153
357 18 153
357 19 -1
357 20 -1
357 21 -1
357 22 -1
357 23 -1
357 24 -1
357 25 -1
357 26 -1
357 27 -1
357 28 -1
357 29 -1
357 30 -1
357 31 -1
357 32 -1
357 33 -1
357 34 -1
357 35 -1
357 36 -1
357 37 -1
357 38 -1
357 39 -1
358 1 139
358 2 139
358 3 132
358 4 132
358 5 125
358 6 125
358 7 125
358 8 104
358 9 104
358 10 104
358 11 104
358 12 101
358 13 111
358 14 100
358 15 99
358 16 82
358 17 82
358 18 65
358 19 61
358 20 49
358 21 38
358 22 38
358 23 38
358 24 30
358 25 30
358 26 30
358 27 12
358 28 27
358 29 15
358 30 15
358 31 15
358 32 15
358 33 15
358 34 15
358 35 16
358 36 16
358 37 16
358 38 15
358 39 9
360 1 94
360 2 94
360 3 70
360 4 70
360 5 70
360 6 72
360 7 72
360 8 72
360 9 56
360 10 56
360 11 36
360 12 36
360 13 36
360 14 18
360 15 20
360 16 20
360 17 20
360 18 20
360 19 20
360 20 20
360 21 17
360 22 17
360 23 17
360 24 12
360 25 12
360 26 12
360 27 27
360 28 27
360 29 15
360 30 15
360 31 15
360 32 15
360 33 16
360 34 16
360 35 -1
362 1 -1
362 2 135
362 3 135
362 4 135
362 5 102
362 6 102
362 7 85
362 8 81
362 9 81
362 10 81
362 11 81
362 12 81
362 13 81
362 14 103
362 15 78
362 16 78
362 17 95
362 18 95
362 19 76
362 20 94
362 21 94
362 22 94
362 23 70
362 24 70
362 25 70
362 26 72
362 27 73
362 28 75
362 29 58
362 30 58
362 31 33
362 32 58
362 33 58
365 1 4
365 2 4
365 3 4
365 4 -1
365 5 -1
365 6 -1
365 7 -1
365 8 -1
365 9 -1
365 10 -1
365 11 -1
365 12 -1
365 13 -1
365 14 -1
365 15 -1
365 16 1
365 17 -1
365 18 1
365 19 2
365 20 2
365 21 -1
365 22 2
365 23 2
365 24 12
365 25 12
365 26 12
365 27 11
365 28 12
365 29 12
365 30 12
368 1 23
368 2 23
368 3 22
368 4 22
368 5 21
368 6 21
368 7 18
368 8 29
368 9 31
368 10 31
368 11 33
368 12 58
368 13 63
368 14 63
368 15 63
368 16 63
368 17 64
368 18 61
368 19 62
368 20 62
368 21 62
368 22 84
368 23 98
368 24 98
368 25 113
368 26 98
368 27 98
368 28 113
368 29 126
372 1 -1
372 2 -1
372 3 -1
372 4 -1
372 5 -1
372 6 -1
372 7 -1
372 8 -1
372 9 -1
372 10 -1
372 11 151
372 12 152
372 13 152
372 14 152
372 15 142
372 16 142
372 17 142
372 18 133
372 19 130
372 20 130
372 21 -1
372 22 -1
372 23 -1
372 24 -1
372 25 -1
372 26 -1
372 27 -1
372 28 -1
372 29 -1
372 30 -1
372 31 -1
372 32 -1
401 1 -1
401 2 -1
401 3 -1
401 4 -1
401 5 -1
401 6 -1
401 7 -1
401 8 -1
401 9 -1
401 10 -1
401 11 -1
401 12 -1
401 13 -1
401 14 -1
401 15 -1
401 16 -1
401 17 152
401 18 152
401 19 152
401 20 142
401 21 142
401 22 134
401 23 134
401 24 120
401 25 105
401 26 105
401 27 88
401 28 88
401 29 88
401 30 71
401 31 51
401 32 69
401 33 65
401 34 64
401 35 64
401 36 77
401 37 77
401 38 63
401 39 58
402 1 -1
402 2 -1
402 3 -1
402 4 -1
402 5 -1
402 6 152
402 7 152
402 8 152
402 9 142
402 10 134
402 11 134
402 12 117
402 13 125
402 14 111
402 15 111
402 16 111
402 17 100
402 18 80
402 19 80
402 20 64
402 21 46
402 22 46
402 23 45
402 24 45
402 25 31
402 26 31
402 27 31
402 28 17
402 29 17
402 30 38
402 31 38
402 32 38
402 33 38
402 34 49
402 35 49
402 36 60
402 37 64
402 38 80
402 39 100
402 40 111
402 41 111
402 42 111
402 43 110
402 44 125
402 45 117
402 46 134
402 47 142
402 48 142
402 49 152
402 50 152
402 51 151
402 52 -1
402 53 -1
402 54 -1
402 55 -1
402 56 -1
405 1 66
405 2 67
405 3 70
405 4 55
405 5 56
405 6 72
405 7 73
405 8 75
405 9 75
405 10 77
405 11 77
405 12 77
405 13 79
405 14 80
405 15 100
405 16 111
405 17 111
405 18 111
405 19 113
405 20 98
405 21 98
405 22 98
405 23 131
405 24 117
405 25 120
405 26 120
405 27 105
405 28 105
405 29 105
405 30 105
405 31 105
405 32 96
405 33 96
405 34 96
405 35 108
405 36 108
405 37 -1
406 1 6
406 2 6
406 3 6
406 4 6
406 5 7
406 6 7
406 7 7
406 8 7
406 9 7
406 10 7
406 11 18
406 12 19
406 13 19
406 14 29
406 15 29
406 16 31
406 17 31
406 18 33
406 19 33
406 20 45
406 21 45
406 22 45
406 23 45
406 24 46
406 25 46
406 26 49
406 27 49
406 28 38
406 29 52
406 30 26
406 31 84
406 32 98
406 33 98
406 34 113
406 35 98
406 36 98
406 37 98
406 38 126
501 1 163
501 2 164
501 3 164
501 4 164
501 5 157
501 6 157
501 7 146
501 8 146
501 9 146
501 10 129
501 11 129
501 12 127
501 13 127
501 14 127
501 15 124
501 16 124
501 17 141
501 18 139
501 19 139
501 20 132
501 21 132
501 22 125
501 23 125
501 24 125
501 25 126
501 26 113
501 27 98
501 28 98
501 29 98
501 30 98
501 31 97
501 32 97
501 33 83
501 34 82
501 35 80
501 36 79
501 37 79
501 38 77
501 39 77
501 40 77
501 41 75
501 42 91
501 43 106
501 44 106
501 45 106
501 46 106
501 47 107
501 48 107
501 49 107
501 50 87
501 51 86
501 52 70
501 53 70
501 54 70
501 55 93
501 56 94
501 57 94
501 58 74
501 59 95
501 60 95
501 61 115
501 62 127
501 63 127
501 64 127
501 65 127
501 66 144
501 67 144
501 68 144
501 69 157
501 70 157
501 71 157
501 72 163
502 1 94
502 2 94
502 3 70
502 4 70
502 5 70
502 6 72
502 7 73
502 8 75
502 9 58
502 10 58
502 11 33
502 12 33
502 13 33
502 14 29
502 15 7
502 16 7
502 17 7
502 18 1
502 19 1
502 20 1
502 21 1
502 22 -1
502 23 -1
502 24 -1
502 25 -1
502 26 -1
502 27 -1
502 28 -1
502 29 -1
502 30 -1
502 31 -1
502 32 -1
502 33 -1
502 34 -1
502 35 -1
503 1 -1
503 2 164
503 3 164
503 4 157
503 5 157
503 6 146
503 7 146
503 8 146
503 9 129
503 10 129
503 11 127
503 12 103
503 13 81
503 14 81
503 15 81
503 16 81
503 17 103
503 18 78
503 19 78
503 20 95
503 21 95
503 22 76
503 23 94
503 24 94
503 25 74
503 26 74
503 27 35
503 28 36
503 29 36
503 30 36
503 31 21
503 32 22
503 33 22
503 34 23
503 35 24
503 36 23
503 37 5
503 38 4
503 39 4
1000601 1 17
1000601 2 17
1000601 3 12
1000601 4 12
1000601 5 12
1000601 6 12
601 1 23
601 2 22
601 3 22
601 4 21
601 5 18
601 6 19
601 7 19
601 8 29
601 9 29
601 10 20
601 11 20
601 12 20
601 13 20
601 14 20
601 15 14
601 16 14
601 17 20
601 18 20
601 19 20
601 20 17
601 21 17
601 22 17
601 23 12
601 24 12
601 25 12
601 26 10
601 27 10
601 28 9
601 29 10
601 30 -1
701 1 159
701 2 159
701 3 159
701 4 159
701 5 159
701 6 160
701 7 147
701 8 147
701 9 147
701 10 157
701 11 146
701 12 146
701 13 144
701 14 144
701 15 127
701 16 127
701 17 127
701 18 127
701 19 124
701 20 141
701 21 139
701 22 139
701 23 137
701 24 139
701 25 112
701 26 107
701 27 107
701 28 106
701 29 106
701 30 106
701 31 106
701 32 91
701 33 91
701 34 75
701 35 77
701 36 77
701 37 59
701 38 45
701 39 31
701 40 31
701 41 31
701 42 17
701 43 17
701 44 17
701 45 17
701 46 12
701 47 13
701 48 12
701 49 1
701 50 1
701 51 1
701 52 2
701 53 2
701 54 -1
701 55 -1
701 56 -1
701 57 -1
701 58 -1
702 1 55
702 2 36
702 3 34
702 4 33
702 5 45
702 6 45
702 7 45
702 8 31
702 9 31
702 10 31
702 11 17
702 12 17
702 13 17
702 14 17
702 15 17
702 16 12
702 17 12
702 18 12
702 19 12
702 20 12
702 21 12
702 22 12
702 23 2
702 24 2
702 25 12
702 26 1
702 27 1
702 28 1
702 29 1
702 30 1
702 31 -1
702 32 -1
702 33 -1
702 34 -1
702 35 -1
702 36 -1
702 37 -1
702 38 -1
702 39 -1
702 40 -1
702 41 -1
702 42 -1
702 43 -1
702 44 -1
702 45 -1
702 46 -1
703 1 164
703 2 -1
703 3 164
703 4 164
703 5 164
703 6 160
703 7 160
703 8 144
703 9 144
703 10 144
703 11 127
703 12 127
703 13 127
703 14 115
703 15 115
703 16 114
703 17 94
703 18 94
703 19 94
703 20 94
703 21 94
703 22 70
703 23 70
703 24 54
703 25 37
703 26 37
703 27 35
703 28 36
703 29 36
703 30 18
703 31 31
703 32 31
703 33 31
703 34 31
703 35 31
703 36 31
703 37 31
703 38 17
703 39 17
703 40 17
703 41 17
703 42 17
703 43 13
703 44 13
703 45 13
703 46 1
703 47 1
703 48 1
703 49 1
703 50 -1
703 51 -1
703 52 -1
703 53 -1
703 54 -1
703 55 -1
703 56 -1
703 57 -1
703 58 -1
703 59 -1
703 60 -1
704 1 102
704 2 102
704 3 102
704 4 136
704 5 81
704 6 81
704 7 81
704 8 81
704 9 128
704 10 128
704 11 129
704 12 146
704 13 144
704 14 144
704 15 144
704 16 141
704 17 141
704 18 141
704 19 141
704 20 139
704 21 139
704 22 132
704 23 132
704 24 125
704 25 125
704 26 125
704 27 117
704 28 120
704 29 120
704 30 105
704 31 105
704 32 105
704 33 105
704 34 116
704 35 116
704 36 116
704 37 -1
704 38 -1
704 39 -1
704 40 -1
705 1 106
705 2 104
705 3 106
705 4 106
705 5 106
705 6 107
705 7 107
705 8 107
705 9 87
705 10 87
705 11 86
705 12 72
705 13 72
705 14 56
705 15 56
705 16 34
705 17 33
705 18 33
705 19 33
705 20 29
705 21 20
705 22 31
705 23 20
705 24 20
705 25 20
705 26 20
705 27 14
705 28 14
705 29 14
705 30 13
705 31 1
705 32 1
705 33 1
705 34 1
705 35 -1
705 36 -1
705 37 -1
705 38 -1
705 39 -1
705 40 -1
705 41 -1
705 42 -1
705 43 -1
705 44 -1
705 45 -1
705 46 -1
705 47 -1
705 48 -1
705 49 -1
705 50 -1
705 51 -1
707 1 37
707 2 39
707 3 67
707 4 67
707 5 70
707 6 55
707 7 55
707 8 36
707 9 34
707 10 33
707 11 45
707 12 45
707 13 45
707 14 45
707 15 46
707 16 46
707 17 52
707 18 52
707 19 26
707 20 84
707 21 98
707 22 98
707 23 113
707 24 98
707 25 98
707 26 98
707 27 126
801 1 -1
801 2 -1
801 3 -1
801 4 -1
801 5 -1
801 6 -1
801 7 -1
801 8 -1
801 9 125
801 10 125
801 11 125
801 12 125
801 13 125
801 14 125
801 15 132
801 16 132
801 17 132
801 18 107
801 19 87
801 20 75
801 21 58
801 22 58
801 23 33
801 24 33
801 25 33
801 26 29
801 27 7
801 28 7
801 29 7
801 30 1
801 31 1
801 32 1
801 33 1
801 34 -1
801 35 -1
801 36 -1
801 37 -1
801 38 -1
801 39 -1
801 40 -1
801 41 -1
801 42 -1
801 43 -1
801 44 -1
801 45 -1
801 46 -1
802 1 47
802 2 78
802 3 78
802 4 95
802 5 95
802 6 76
802 7 94
802 8 94
802 9 94
802 10 70
802 11 70
802 12 70
802 13 72
802 14 56
802 15 56
802 16 36
802 17 36
802 18 21
802 19 21
802 20 7
802 21 7
802 22 6
802 23 6
802 24 7
802 25 7
802 26 7
802 27 7
802 28 7
802 29 -1
802 30 -1
802 31 1
802 32 -1
802 33 -1
802 34 -1
802 35 -1
802 36 -1
802 37 -1
802 38 -1
802 39 -1
802 40 -1
802 41 -1
802 42 -1
802 43 -1
802 44 -1
802 45 -1
802 46 -1
802 47 -1
802 48 -1
802 49 -1
803 1 2
803 2 2
803 3 12
803 4 12
803 5 13
803 6 13
803 7 14
803 8 14
803 9 14
803 10 14
803 11 14
803 12 14
803 13 14
803 14 20
803 15 20
803 16 20
803 17 20
803 18 31
803 19 31
803 20 33
803 21 58
803 22 58
803 23 77
803 24 77
803 25 79
803 26 79
803 27 90
803 28 101
803 29 100
803 30 99
803 31 97
803 32 83
803 33 84
803 34 84
803 35 62
803 36 62
803 37 62
803 38 61
803 39 49
803 40 38
803 41 38
803 42 38
803 43 17
803 44 17
803 45 17
803 46 12
803 47 13
803 48 12
803 49 12
803 50 2
803 51 2
804 1 149
804 2 126
804 3 126
804 4 126
804 5 131
804 6 131
804 7 98
804 8 98
804 9 98
804 10 98
804 11 98
804 12 84
804 13 84
804 14 62
804 15 62
804 16 62
804 17 61
804 18 49
804 19 38
804 20 38
804 21 38
804 22 30
804 23 30
804 24 30
804 25 12
804 26 12
804 27 12
804 28 12
804 29 17
804 30 12
804 31 12
804 32 12
804 33 12
804 34 12
804 35 12
804 36 2
805 1 156
805 2 132
805 3 106
805 4 106
805 5 106
805 6 106
805 7 91
805 8 75
805 9 58
805 10 58
805 11 45
805 12 45
805 13 31
805 14 31
805 15 31
805 16 20
805 17 29
805 18 19
805 19 7
805 20 7
805 21 7
805 22 7
805 23 7
805 24 7
805 25 7
805 26 7
805 27 7
805 28 7
805 29 7
805 30 -1
805 31 -1
805 32 1
805 33 -1
805 34 -1
805 35 -1
805 36 -1
805 37 -1
805 38 -1
805 39 -1
805 40 -1
805 41 -1
805 42 -1
805 43 -1
805 44 -1
805 45 -1
805 46 -1
806 1 5
806 2 5
806 3 5
806 4 5
806 5 23
806 6 22
806 7 22
806 8 22
806 9 21
806 10 18
806 11 19
806 12 7
806 13 7
806 14 7
806 15 1
806 16 1
806 17 1
806 18 1
806 19 -1
806 20 -1
806 21 -1
806 22 -1
806 23 -1
806 24 -1
806 25 -1
806 26 -1
806 27 -1
806 28 -1
806 29 -1
806 30 -1
806 31 -1
806 32 -1
806 33 -1
806 34 -1
806 35 -1
806 36 -1
806 37 -1
806 38 -1
806 39 -1
806 40 -1
806 41 -1
806 42 -1
806 43 -1
807 1 112
807 2 139
807 3 137
807 4 137
807 5 156
807 6 -1
807 7 -1
807 8 -1
807 9 -1
807 10 -1
807 11 -1
807 12 -1
807 13 -1
807 14 -1
807 15 -1
807 16 125
807 17 125
807 18 125
807 19 125
807 20 111
807 21 111
807 22 111
807 23 100
807 24 80
807 25 80
808 1 -1
808 2 -1
808 3 -1
808 4 -1
808 5 -1
808 6 135
808 7 135
808 8 135
808 9 135
808 10 136
808 11 81
808 12 81
808 13 128
808 14 128
808 15 128
808 16 129
808 17 127
808 18 144
808 19 144
808 20 144
808 21 157
808 22 157
808 23 164
808 24 158
808 25 158
808 26 161
808 27 161
808 28 161
808 29 162
808 30 -1
808 31 156
808 32 156
808 33 156
808 34 137
808 35 137
808 36 137
808 37 132
808 38 132
808 39 132
808 40 132
808 41 125
808 42 125
808 43 104
808 44 104
808 45 104
808 46 104
808 47 101
808 48 100
808 49 99
808 50 97
808 51 83
809 1 135
809 2 135
809 3 135
809 4 135
809 5 102
809 6 102
809 7 85
809 8 81
809 9 81
809 10 81
809 11 81
809 12 81
809 13 81
809 14 78
809 15 48
809 16 48
809 17 50
809 18 50
809 19 53
809 20 35
809 21 36
809 22 34
809 23 33
809 24 45
809 25 45
809 26 31
809 27 31
809 28 20
809 29 20
809 30 20
809 31 14
809 32 14
809 33 14
809 34 14
809 35 7
809 36 14
809 37 13
809 38 1
809 39 1
809 40 2
809 41 2
809 42 2
809 43 -1
809 44 -1
809 45 -1
809 46 -1
810 1 114
810 2 112
810 3 107
810 4 86
810 5 86
810 6 86
810 7 72
810 8 56
810 9 56
810 10 36
810 11 36
810 12 21
810 13 21
810 14 7
810 15 7
810 16 6
810 17 6
810 18 -1
810 19 -1
810 20 -1
810 21 -1
810 22 -1
810 23 -1
810 24 -1
810 25 -1
810 26 -1
810 27 -1
810 28 -1
810 29 -1
810 30 -1
810 31 -1
810 32 -1
810 33 -1
810 34 -1
810 35 -1
810 36 -1
811 1 -1
811 2 -1
811 3 -1
811 4 -1
811 5 -1
811 6 -1
811 7 -1
811 8 -1
811 9 -1
811 10 151
811 11 151
811 12 151
811 13 151
811 14 145
811 15 131
811 16 117
811 17 120
811 18 105
811 19 105
811 20 88
811 21 88
811 22 88
811 23 71
811 24 51
811 25 51
811 26 51
811 27 43
811 28 27
811 29 10
811 30 10
811 31 10
811 32 9
811 33 -1
811 34 -1
811 35 -1
811 36 2
812 1 -1
812 2 -1
812 3 -1
812 4 -1
812 5 -1
812 6 -1
812 7 -1
812 8 -1
812 9 -1
812 10 -1
812 11 -1
812 12 -1
812 13 -1
812 14 -1
812 15 -1
812 16 -1
812 17 -1
812 18 -1
812 19 -1
812 20 -1
812 21 -1
812 22 -1
812 23 -1
812 24 -1
812 25 -1
812 26 125
812 27 -1
812 28 -1
812 29 155
812 30 132
812 31 125
812 32 125
812 33 104
812 34 104
812 35 104
812 36 106
812 37 106
812 38 107
901 1 -1
901 2 -1
901 3 -1
901 4 162
901 5 162
901 6 -1
901 7 156
901 8 156
901 9 156
901 10 137
901 11 137
901 12 137
901 13 132
901 14 132
901 15 132
901 16 125
901 17 125
901 18 125
901 19 104
901 20 104
901 21 104
901 22 104
901 23 101
901 24 111
901 25 100
901 26 99
901 27 82
901 28 82
901 29 83
901 30 84
901 31 84
901 32 62
901 33 62
901 34 62
901 35 61
901 36 49
901 37 38
901 38 38
901 39 38
901 40 30
901 41 30
901 42 30
901 43 12
901 44 12
901 45 12
901 46 12
901 47 11
901 48 12
901 49 12
901 50 12
901 51 2
901 52 -1
902 1 15
902 2 16
902 3 16
902 4 15
902 5 15
902 6 15
902 7 15
902 8 15
902 9 15
902 10 26
902 11 27
902 12 43
902 13 51
902 14 51
902 15 28
902 16 96
902 17 96
902 18 28
902 19 96
902 20 108
902 21 108
902 22 -1
902 23 -1
902 24 -1
902 25 -1
902 26 -1
902 27 -1
902 28 -1
902 29 -1
902 30 -1
902 31 -1
902 32 -1
902 33 -1
902 34 -1
1000902 1 108
1000902 2 -1
1000902 3 -1
1000902 4 -1
1000902 5 -1
1000902 6 -1
1000902 7 -1
1000902 8 -1
1000902 9 -1
1000902 10 -1
1000902 11 -1
1000902 12 -1
1000902 13 -1
1000902 14 -1
1000902 15 -1
1000902 16 -1
1000902 17 -1
1000902 18 -1
1000902 19 -1
903 1 71
903 2 88
903 3 88
903 4 105
903 5 105
903 6 120
903 7 120
903 8 120
903 9 120
903 10 120
903 11 133
903 12 143
903 13 143
903 14 153
903 15 153
903 16 -1
903 17 -1
903 18 -1
903 19 -1
903 20 -1
903 21 -1
903 22 -1
903 23 -1
903 24 -1
903 25 -1
903 26 -1
903 27 -1
903 28 -1
903 29 -1
903 30 -1
903 31 -1
903 32 -1
903 33 -1
903 34 -1
903 35 -1
903 36 -1
903 37 -1
903 38 -1
903 39 -1
903 40 -1
903 41 -1
903 42 -1
903 43 -1
903 44 -1
903 45 -1
903 46 -1
903 47 -1
903 48 -1
903 49 -1
903 50 -1
903 51 -1
903 52 -1
903 53 -1
903 54 -1
903 55 -1
903 56 -1
903 57 -1
903 58 -1
903 59 -1
903 60 -1
905 1 58
905 2 63
905 3 58
905 4 58
905 5 45
905 6 31
905 7 31
905 8 20
905 9 31
905 10 20
905 11 20
905 12 20
905 13 20
905 14 17
905 15 17
905 16 17
905 17 17
905 18 17
905 19 12
905 20 12
905 21 12
905 22 12
905 23 12
905 24 12
905 25 12
905 26 -1
905 27 10
905 28 10
905 29 10
905 30 15
905 31 15
905 32 15
905 33 15
905 34 15
905 35 15
905 36 16
905 37 -1
906 1 125
906 2 125
906 3 125
906 4 132
906 5 132
906 6 125
906 7 125
906 8 104
906 9 104
906 10 104
906 11 104
906 12 106
906 13 106
906 14 106
906 15 107
906 16 87
906 17 75
906 18 58
906 19 58
906 20 33
906 21 45
906 22 31
906 23 31
906 24 31
906 25 31
906 26 20
906 27 20
906 28 20
906 29 20
906 30 20
906 31 17
906 32 17
906 33 38
906 34 38
906 35 38
906 36 38
906 37 38
906 38 38
906 39 38
906 40 30
906 41 30
1000906 1 30
1000906 2 30
1000906 3 30
1000906 4 30
1000906 5 30
1000906 6 12
1000906 7 10
1000906 8 10
1000906 9 10
1000906 10 10
1000906 11 9
1000906 12 -1
1000906 13 -1
1000906 14 -1
1000906 15 -1
1000906 16 -1
1000906 17 -1
1000906 18 -1
907 1 78
907 2 48
907 3 50
907 4 78
907 5 95
907 6 95
907 7 76
907 8 94
907 9 94
907 10 94
907 11 70
907 12 92
907 13 92
907 14 92
907 15 109
907 16 107
907 17 107
907 18 106
907 19 106
907 20 106
907 21 101
907 22 100
907 23 99
907 24 97
907 25 98
907 26 113
907 27 98
907 28 98
907 29 98
907 30 131
907 31 117
907 32 134
907 33 142
907 34 142
907 35 152
907 36 152
1000908 1 97
1000908 2 83
1000908 3 84
1000908 4 62
1000908 5 62
1000908 6 62
1000908 7 61
1000908 8 60
1000908 9 49
1000908 10 49
1000908 11 38
1000908 12 38
1000908 13 38
1000908 14 30
1000908 15 30
1000908 16 30
1000908 17 12
1000908 18 12
1000908 19 12
1000908 20 12
1000908 21 17
1000908 22 12
1000908 23 12
1000908 24 12
1000908 25 12
1000908 26 12
1000908 27 12
1000908 28 12
1000908 29 -1
1000908 30 9
1000908 31 -1
1000908 32 -1
1000908 33 -1
1000908 34 -1
1000908 35 -1
1000908 36 -1
1000908 37 -1
1000908 38 -1
1000908 1 -1
1000908 2 -1
1000908 3 -1
1000908 4 -1
1000908 5 -1
1000908 6 28
1000908 7 28
1000908 8 28
1000908 9 96
1000908 10 96
1000908 11 28
1000908 12 71
1000908 13 71
1000908 14 51
1000908 15 51
1000908 16 51
1000908 17 51
1000908 18 43
1000908 19 27
1000908 20 15
1000908 21 15
1000908 22 15
1000908 23 15
1000908 24 15
1000908 25 15
1000908 26 16
1000908 27 16
1000908 28 16
1000908 29 15
1000908 30 9
1000908 31 10
1000908 32 9
1000908 33 9
1000908 34 9
1000908 35 9
1000908 36 -1
1000908 37 -1
1000908 38 -1
1000908 39 -1
1000908 40 -1
1000908 41 -1
1000908 42 -1
1000908 43 -1
1000908 44 -1
1000909 1 -1
1000909 2 -1
1000909 3 -1
1000909 4 -1
1000909 5 -1
1000909 6 28
1000909 7 -1
1000909 8 -1
1000909 9 -1
1000909 10 -1
1000909 11 -1
1000909 12 16
1000909 13 -1
1000909 14 -1
1000909 15 -1
1000909 16 -1
1000909 17 -1
1000909 18 -1
1000909 19 -1
1000909 20 -1
1000909 21 -1
1000909 22 -1
1000909 23 -1
1000909 24 -1
1000909 25 -1
100909 1 -1
100909 2 -1
100909 3 -1
100909 4 -1
100909 5 -1
100909 6 -1
100909 7 -1
100909 8 -1
100909 9 -1
100909 10 -1
100909 11 -1
100909 12 -1
100909 13 -1
100909 14 -1
100909 15 -1
100909 16 -1
100909 17 -1
100909 18 -1
100909 19 -1
100909 20 -1
100909 21 -1
100909 22 -1
100909 23 -1
912 1 24
912 2 23
912 3 23
912 4 23
912 5 22
912 6 35
912 7 36
912 8 36
912 9 36
912 10 34
912 11 33
912 12 45
912 13 45
912 14 31
912 15 31
912 16 31
912 17 31
912 18 14
912 19 14
912 20 14
912 21 13
912 22 17
912 23 13
912 24 12
912 25 12
912 26 12
912 27 12
912 28 12
912 29 12
912 30 -1
912 31 9
912 32 -1
912 33 -1
912 34 -1
912 35 -1
912 36 -1
912 37 -1
912 38 -1
912 39 -1
912 40 -1
913 1 -1
913 2 -1
913 3 -1
913 4 -1
913 5 -1
913 6 -1
913 7 15
913 8 15
913 9 15
913 10 15
913 11 15
913 12 15
913 13 27
913 14 43
913 15 51
913 16 71
913 17 71
913 18 88
913 19 105
913 20 105
913 21 120
913 22 105
913 23 105
913 24 105
913 25 105
913 26 116
913 27 116
913 28 116
913 29 -1
913 30 -1
913 31 -1
913 32 -1
913 33 -1
913 34 -1
913 35 -1
913 36 -1
913 37 -1
913 38 -1
913 39 -1
913 40 -1
913 41 -1
913 42 -1
913 43 -1
913 44 -1
913 45 -1
913 46 -1
913 47 -1
915 1 139
915 2 139
915 3 139
915 4 137
915 5 139
915 6 112
915 7 107
915 8 86
915 9 86
915 10 86
915 11 72
915 12 56
915 13 56
915 14 36
915 15 34
915 16 33
915 17 33
915 18 45
915 19 31
915 20 31
915 21 31
915 22 31
915 23 31
915 24 31
915 25 14
915 26 14
915 27 14
915 28 13
915 29 17
915 30 13
915 31 13
915 32 12
915 33 1
915 34 1
915 35 2
915 36 2
915 37 -1
915 38 -1
915 39 -1
915 40 -1
915 41 -1
915 42 -1
915 43 -1
915 44 -1
916 1 -1
916 2 -1
916 3 -1
916 4 -1
916 5 -1
916 6 -1
916 7 -1
916 8 -1
916 9 -1
916 10 -1
916 11 152
916 12 152
916 13 152
916 14 142
916 15 142
916 16 142
916 17 143
916 18 140
916 19 140
916 20 140
916 21 130
916 22 130
916 23 122
916 24 116
916 25 -1
916 26 -1
916 27 -1
916 28 -1
916 29 -1
916 30 -1
916 31 -1
916 32 -1
916 33 -1
916 34 -1
916 35 -1
916 36 -1
916 37 -1
916 38 -1
916 39 -1
916 40 -1
916 41 -1
916 42 -1
916 43 -1
916 44 -1
916 45 -1
916 46 -1
916 47 -1
916 48 -1
916 49 -1
916 50 -1
916 51 -1
917 1 23
917 2 22
917 3 22
917 4 22
917 5 21
917 6 21
917 7 36
917 8 36
917 9 36
917 10 34
917 11 33
917 12 45
917 13 45
917 14 31
917 15 31
917 16 31
917 17 31
917 18 17
917 19 17
917 20 17
917 21 17
917 22 12
917 23 12
917 24 12
917 25 10
917 26 15
917 27 9
917 28 9
917 29 8
917 30 16
917 31 16
917 32 -1
917 33 -1
917 34 -1
917 35 -1
917 36 -1
917 37 -1
917 38 -1
917 39 -1
917 40 -1
917 41 -1
917 42 -1
917 43 -1
917 44 -1
918 1 -1
918 2 -1
918 3 -1
918 4 -1
918 5 -1
918 6 -1
918 7 -1
918 8 -1
918 9 -1
918 10 -1
918 11 -1
918 12 -1
918 13 -1
918 14 -1
918 15 -1
918 16 -1
918 17 -1
918 18 -1
918 19 -1
918 20 -1
918 21 -1
918 22 -1
918 23 -1
918 24 -1
918 25 -1
918 26 -1
918 27 -1
918 28 -1
918 29 -1
918 30 -1
918 31 -1
918 32 -1
918 33 -1
918 34 -1
918 35 -1
918 36 -1
918 37 -1
918 38 -1
918 39 -1
918 40 -1
918 41 -1
918 42 -1
918 43 -1
918 44 -1
918 45 -1
918 46 -1
918 47 -1
918 48 -1
918 49 -1
931 1 -1
931 2 -1
931 3 -1
931 4 -1
931 5 -1
931 6 -1
931 7 -1
931 8 -1
931 9 -1
931 10 -1
931 11 -1
931 12 -1
931 13 -1
931 14 -1
931 15 -1
931 16 -1
931 17 -1
931 18 -1
931 19 -1
931 20 -1
931 21 125
931 22 -1
931 23 -1
931 24 155
931 25 132
931 26 132
931 27 132
931 28 132
931 29 137
938 1 -1
938 2 -1
938 3 -1
938 4 -1
938 5 -1
938 6 -1
938 7 -1
938 8 -1
938 9 -1
938 10 -1
938 11 -1
938 12 -1
938 13 -1
938 14 -1
938 15 -1
938 16 -1
938 17 -1
938 18 -1
938 19 -1
938 20 -1
938 21 -1
938 22 -1
938 23 -1
938 24 -1
938 25 -1
938 26 -1
938 27 -1
938 28 -1
10001 1 58
10001 2 77
10001 3 77
10001 4 79
10001 5 64
10001 6 65
10001 7 69
10001 8 71
10001 9 51
10001 10 51
10001 11 51
10001 12 51
10001 13 43
10001 14 27
10001 15 15
10003 1 27
10003 2 43
10003 3 51
10003 4 51
10003 5 69
10003 6 80
10003 7 80
10003 8 65
10003 9 68
10003 10 69
10003 11 26
10004 1 75
10004 2 77
10004 3 77
10004 4 79
10004 5 68
10004 6 69
10004 7 51
10004 8 51
10004 9 51
10004 10 51
10004 11 43
10004 12 43
10004 13 27
10004 14 15
10004 15 15
10004 16 15
10004 17 16
10004 18 16
10004 19 15
