5
112.9812 28.1297 
112.9991 28.1313 
112.9951 28.1406 
112.9915 28.1509 
112.9814 28.1472 
4
112.9812 28.1297 
112.9814 28.1472 
112.9656 28.1449 
112.9635 28.1389 
4
113.1288 28.1297 
113.1282 28.1663 
113.0626 28.1619 
113.0591 28.1351 
4
113.0591 28.1351 
113.0626 28.1619 
113.0559 28.1614 
113.0518 28.1361 
4
113.0518 28.1361 
113.0559 28.1614 
113.0400 28.1603 
113.0396 28.1370 
4
113.0396 28.1370 
113.0400 28.1603 
113.0259 28.1593 
113.0271 28.1380 
7
113.0271 28.1380 
113.0259 28.1593 
113.0200 28.1591 
113.0145 28.1581 
113.0072 28.1582 
112.9915 28.1509 
112.9951 28.1406 
4
112.9266 28.1413 
112.9329 28.1415 
112.9324 28.1551 
112.9265 28.1551 
4
112.9329 28.1415 
112.9452 28.1434 
112.9461 28.1554 
112.9324 28.1551 
5
112.9452 28.1434 
112.9569 28.1435 
112.9607 28.1684 
112.9481 28.1665 
112.9461 28.1554 
5
112.9569 28.1435 
112.9656 28.1449 
112.9680 28.1527 
112.9643 28.1683 
112.9607 28.1684 
7
112.9656 28.1449 
112.9814 28.1472 
112.9791 28.1567 
112.9791 28.1757 
112.9664 28.1791 
112.9643 28.1683 
112.9680 28.1527 
4
112.9814 28.1472 
112.9915 28.1509 
112.9887 28.1586 
112.9791 28.1567 
4
112.9915 28.1509 
113.0072 28.1582 
112.9889 28.1733 
112.9887 28.1586 
5
112.9324 28.1551 
112.9461 28.1554 
112.9481 28.1665 
112.9391 28.1742 
112.9269 28.1678 
4
112.9324 28.1551 
112.9269 28.1678 
112.9231 28.1665 
112.9265 28.1551 
4
112.9791 28.1567 
112.9887 28.1586 
112.9889 28.1733 
112.9791 28.1757 
5
113.0145 28.1581 
113.0200 28.1591 
113.0198 28.1760 
113.0141 28.1747 
113.0143 28.1665 
4
113.0145 28.1581 
113.0143 28.1665 
113.0069 28.1669 
113.0072 28.1582 
4
113.0072 28.1582 
113.0069 28.1669 
113.0061 28.1743 
112.9889 28.1733 
4
113.0200 28.1591 
113.0259 28.1593 
113.0267 28.1754 
113.0198 28.1760 
5
113.0259 28.1593 
113.0400 28.1603 
113.0412 28.1763 
113.0316 28.1757 
113.0267 28.1754 
4
113.0400 28.1603 
113.0559 28.1614 
113.0567 28.1771 
113.0412 28.1763 
4
113.0559 28.1614 
113.0626 28.1619 
113.0647 28.1776 
113.0567 28.1771 
6
113.0626 28.1619 
113.1282 28.1663 
113.1266 28.1810 
113.1095 28.1800 
113.0712 28.1783 
113.0647 28.1776 
10
112.9481 28.1665 
112.9607 28.1684 
112.9636 28.1884 
112.9636 28.1919 
112.9644 28.1955 
112.9653 28.1990 
112.9537 28.2016 
112.9528 28.1953 
112.9512 28.1865 
112.9502 28.1796 
4
112.9481 28.1665 
112.9502 28.1796 
112.9402 28.1828 
112.9391 28.1742 
10
112.9231 28.1665 
112.9269 28.1678 
112.9391 28.1742 
112.9402 28.1828 
112.9417 28.1888 
112.9438 28.1969 
112.9447 28.2034 
112.9400 28.2042 
112.9208 28.2094 
112.9152 28.2004 
4
113.0143 28.1665 
113.0141 28.1747 
113.0061 28.1743 
113.0069 28.1669 
5
112.9643 28.1683 
112.9664 28.1791 
112.9671 28.1879 
112.9636 28.1884 
112.9607 28.1684 
4
112.9889 28.1733 
113.0061 28.1743 
113.0054 28.1812 
112.9892 28.1840 
4
112.9889 28.1733 
112.9892 28.1840 
112.9797 28.1856 
112.9791 28.1757 
5
113.0061 28.1743 
113.0141 28.1747 
113.0139 28.1893 
113.0050 28.1899 
113.0054 28.1812 
4
113.0141 28.1747 
113.0198 28.1760 
113.0196 28.1892 
113.0139 28.1893 
4
113.0267 28.1754 
113.0316 28.1757 
113.0328 28.1885 
113.0265 28.1888 
4
113.0267 28.1754 
113.0265 28.1888 
113.0196 28.1892 
113.0198 28.1760 
4
113.0316 28.1757 
113.0412 28.1763 
113.0418 28.1876 
113.0328 28.1885 
5
112.9791 28.1757 
112.9797 28.1856 
112.9745 28.1865 
112.9671 28.1879 
112.9664 28.1791 
7
113.0412 28.1763 
113.0567 28.1771 
113.0579 28.1873 
113.0547 28.1879 
113.0502 28.1960 
113.0394 28.1948 
113.0418 28.1876 
4
113.0567 28.1771 
113.0647 28.1776 
113.0659 28.1863 
113.0579 28.1873 
4
113.0647 28.1776 
113.0712 28.1783 
113.0716 28.1855 
113.0659 28.1863 
4
113.0712 28.1783 
113.1095 28.1800 
113.1085 28.1911 
113.0716 28.1855 
4
112.9502 28.1796 
112.9512 28.1865 
112.9417 28.1888 
112.9402 28.1828 
6
113.1095 28.1800 
113.1266 28.1810 
113.1263 28.1969 
113.1211 28.2030 
113.1080 28.2017 
113.1085 28.1911 
4
113.0054 28.1812 
113.0050 28.1899 
112.9893 28.1908 
112.9892 28.1840 
4
112.9892 28.1840 
112.9893 28.1908 
112.9800 28.1912 
112.9797 28.1856 
5
113.0716 28.1855 
113.1085 28.1911 
113.1080 28.2017 
113.0962 28.2008 
113.0764 28.1986 
4
113.0716 28.1855 
113.0764 28.1986 
113.0674 28.1977 
113.0659 28.1863 
4
112.9797 28.1856 
112.9800 28.1912 
112.9749 28.1915 
112.9745 28.1865 
4
113.0659 28.1863 
113.0674 28.1977 
113.0590 28.1968 
113.0579 28.1873 
4
112.9512 28.1865 
112.9528 28.1953 
112.9438 28.1969 
112.9417 28.1888 
5
112.9745 28.1865 
112.9749 28.1915 
112.9636 28.1919 
112.9636 28.1884 
112.9671 28.1879 
4
113.0579 28.1873 
113.0590 28.1968 
113.0502 28.1960 
113.0547 28.1879 
4
113.0418 28.1876 
113.0394 28.1948 
113.0333 28.1951 
113.0328 28.1885 
4
113.0328 28.1885 
113.0333 28.1951 
113.0264 28.1955 
113.0265 28.1888 
4
113.0265 28.1888 
113.0264 28.1955 
113.0194 28.1959 
113.0196 28.1892 
4
113.0196 28.1892 
113.0194 28.1959 
113.0137 28.1963 
113.0139 28.1893 
5
113.0139 28.1893 
113.0137 28.1963 
113.0045 28.1968 
113.0044 28.1932 
113.0050 28.1899 
4
113.0050 28.1899 
113.0044 28.1932 
112.9894 28.1940 
112.9893 28.1908 
4
112.9893 28.1908 
112.9894 28.1940 
112.9802 28.1946 
112.9800 28.1912 
4
112.9800 28.1912 
112.9802 28.1946 
112.9752 28.1948 
112.9749 28.1915 
5
112.9749 28.1915 
112.9752 28.1948 
112.9711 28.1951 
112.9644 28.1955 
112.9636 28.1919 
4
113.0044 28.1932 
113.0045 28.1968 
112.9895 28.1978 
112.9894 28.1940 
4
112.9894 28.1940 
112.9895 28.1978 
112.9804 28.1983 
112.9802 28.1946 
4
112.9802 28.1946 
112.9804 28.1983 
112.9755 28.1986 
112.9752 28.1948 
5
113.0394 28.1948 
113.0502 28.1960 
113.0462 28.2032 
113.0369 28.2031 
113.0379 28.1996 
3
113.0394 28.1948 
113.0379 28.1996 
113.0333 28.1951 
4
112.9752 28.1948 
112.9755 28.1986 
112.9716 28.1989 
112.9711 28.1951 
4
112.9711 28.1951 
112.9716 28.1989 
112.9653 28.1990 
112.9644 28.1955 
5
113.0333 28.1951 
113.0379 28.1996 
113.0369 28.2031 
113.0264 28.2029 
113.0264 28.1955 
4
112.9528 28.1953 
112.9537 28.2016 
112.9447 28.2034 
112.9438 28.1969 
4
113.0264 28.1955 
113.0264 28.2029 
113.0194 28.2014 
113.0194 28.1959 
4
113.0194 28.1959 
113.0194 28.2014 
113.0136 28.2027 
113.0137 28.1963 
4
113.0502 28.1960 
113.0590 28.1968 
113.0598 28.2035 
113.0462 28.2032 
4
113.0137 28.1963 
113.0136 28.2027 
113.0041 28.2025 
113.0045 28.1968 
4
113.0590 28.1968 
113.0674 28.1977 
113.0684 28.2037 
113.0598 28.2035 
4
113.0045 28.1968 
113.0041 28.2025 
112.9896 28.2025 
112.9895 28.1978 
5
113.0674 28.1977 
113.0764 28.1986 
113.0788 28.2083 
113.0745 28.2066 
113.0684 28.2037 
4
112.9895 28.1978 
112.9896 28.2025 
112.9810 28.2021 
112.9804 28.1983 
5
112.9804 28.1983 
112.9810 28.2021 
112.9810 28.2063 
112.9771 28.2058 
112.9755 28.1986 
5
113.0764 28.1986 
113.0962 28.2008 
113.0974 28.2295 
113.0797 28.2276 
113.0788 28.2083 
4
112.9755 28.1986 
112.9771 28.2058 
112.9731 28.2054 
112.9716 28.1989 
4
112.9716 28.1989 
112.9731 28.2054 
112.9664 28.2053 
112.9653 28.1990 
4
112.9653 28.1990 
112.9664 28.2053 
112.9548 28.2082 
112.9537 28.2016 
5
113.0962 28.2008 
113.1080 28.2017 
113.1075 28.2065 
113.1054 28.2295 
113.0974 28.2295 
4
113.0194 28.2014 
113.0264 28.2029 
113.0263 28.2107 
113.0193 28.2095 
4
113.0194 28.2014 
113.0193 28.2095 
113.0135 28.2094 
113.0136 28.2027 
5
112.9537 28.2016 
112.9548 28.2082 
112.9443 28.2110 
112.9400 28.2042 
112.9447 28.2034 
4
113.1080 28.2017 
113.1211 28.2030 
113.1192 28.2070 
113.1075 28.2065 
6
112.9810 28.2021 
112.9896 28.2025 
113.0041 28.2025 
113.0036 28.2084 
112.9859 28.2069 
112.9810 28.2063 
4
113.0041 28.2025 
113.0136 28.2027 
113.0135 28.2094 
113.0036 28.2084 
4
113.0264 28.2029 
113.0369 28.2031 
113.0344 28.2114 
113.0263 28.2107 
4
113.0369 28.2031 
113.0462 28.2032 
113.0401 28.2121 
113.0344 28.2114 
4
113.0462 28.2032 
113.0598 28.2035 
113.0613 28.2142 
113.0401 28.2121 
5
113.0598 28.2035 
113.0684 28.2037 
113.0745 28.2066 
113.0750 28.2152 
113.0613 28.2142 
4
112.9400 28.2042 
112.9443 28.2110 
112.9242 28.2152 
112.9208 28.2094 
4
112.9664 28.2053 
112.9731 28.2054 
112.9717 28.2117 
112.9677 28.2118 
6
112.9664 28.2053 
112.9677 28.2118 
112.9707 28.2283 
112.9582 28.2305 
112.9563 28.2158 
112.9548 28.2082 
4
112.9731 28.2054 
112.9771 28.2058 
112.9764 28.2113 
112.9717 28.2117 
4
112.9771 28.2058 
112.9810 28.2063 
112.9824 28.2113 
112.9764 28.2113 
4
112.9810 28.2063 
112.9859 28.2069 
112.9856 28.2111 
112.9824 28.2113 
4
113.1075 28.2065 
113.1192 28.2070 
113.1171 28.2302 
113.1054 28.2295 
5
113.0745 28.2066 
113.0788 28.2083 
113.0797 28.2276 
113.0763 28.2277 
113.0750 28.2152 
7
112.9859 28.2069 
113.0036 28.2084 
113.0029 28.2212 
113.0027 28.2248 
113.0021 28.2288 
112.9867 28.2274 
112.9856 28.2111 
6
112.9548 28.2082 
112.9563 28.2158 
112.9526 28.2229 
112.9289 28.2232 
112.9242 28.2152 
112.9443 28.2110 
4
113.0036 28.2084 
113.0135 28.2094 
113.0133 28.2207 
113.0029 28.2212 
5
113.0135 28.2094 
113.0193 28.2095 
113.0263 28.2107 
113.0262 28.2180 
113.0133 28.2207 
4
112.9208 28.2094 
112.9242 28.2152 
112.9102 28.2183 
112.9073 28.2125 
4
113.0263 28.2107 
113.0344 28.2114 
113.0325 28.2174 
113.0262 28.2180 
4
112.9856 28.2111 
112.9867 28.2274 
112.9818 28.2266 
112.9824 28.2113 
5
112.9824 28.2113 
112.9818 28.2266 
112.9749 28.2275 
112.9717 28.2117 
112.9764 28.2113 
8
113.0344 28.2114 
113.0401 28.2121 
113.0355 28.2223 
113.0395 28.2324 
113.0313 28.2318 
113.0261 28.2229 
113.0262 28.2180 
113.0325 28.2174 
4
112.9717 28.2117 
112.9749 28.2275 
112.9707 28.2283 
112.9677 28.2118 
7
113.0401 28.2121 
113.0613 28.2142 
113.0619 28.2267 
113.0539 28.2264 
113.0536 28.2342 
113.0395 28.2324 
113.0355 28.2223 
4
113.0613 28.2142 
113.0750 28.2152 
113.0763 28.2277 
113.0619 28.2267 
4
112.9242 28.2152 
112.9289 28.2232 
112.9127 28.2235 
112.9102 28.2183 
4
112.9563 28.2158 
112.9582 28.2305 
112.9487 28.2298 
112.9526 28.2229 
4
113.0262 28.2180 
113.0261 28.2229 
113.0132 28.2240 
113.0133 28.2207 
4
113.0133 28.2207 
113.0132 28.2240 
113.0027 28.2248 
113.0029 28.2212 
5
112.9526 28.2229 
112.9487 28.2298 
112.9367 28.2294 
112.9284 28.2292 
112.9289 28.2232 
4
113.0261 28.2229 
113.0313 28.2318 
113.0130 28.2297 
113.0132 28.2240 
4
112.9289 28.2232 
112.9284 28.2292 
112.9143 28.2281 
112.9127 28.2235 
4
113.0132 28.2240 
113.0130 28.2297 
113.0021 28.2288 
113.0027 28.2248 
4
113.0539 28.2264 
113.0619 28.2267 
113.0635 28.2352 
113.0536 28.2342 
7
112.9818 28.2266 
112.9867 28.2274 
113.0021 28.2288 
113.0016 28.2445 
113.0014 28.2552 
112.9839 28.2546 
112.9831 28.2400 
5
112.9818 28.2266 
112.9831 28.2400 
112.9747 28.2421 
112.9707 28.2283 
112.9749 28.2275 
4
113.0619 28.2267 
113.0763 28.2277 
113.0757 28.2365 
113.0635 28.2352 
4
113.0797 28.2276 
113.0974 28.2295 
113.0969 28.2389 
113.0798 28.2373 
4
113.0797 28.2276 
113.0798 28.2373 
113.0757 28.2365 
113.0763 28.2277 
4
112.9143 28.2281 
112.9284 28.2292 
112.9278 28.2354 
112.9164 28.2340 
5
112.9707 28.2283 
112.9747 28.2421 
112.9567 28.2420 
112.9571 28.2357 
112.9582 28.2305 
4
113.0021 28.2288 
113.0130 28.2297 
113.0128 28.2461 
113.0016 28.2445 
4
112.9284 28.2292 
112.9367 28.2294 
112.9362 28.2349 
112.9278 28.2354 
4
112.9367 28.2294 
112.9487 28.2298 
112.9480 28.2359 
112.9362 28.2349 
4
113.1054 28.2295 
113.1171 28.2302 
113.1174 28.2387 
113.1055 28.2392 
4
113.1054 28.2295 
113.1055 28.2392 
113.0969 28.2389 
113.0974 28.2295 
4
113.0130 28.2297 
113.0313 28.2318 
113.0391 28.2455 
113.0128 28.2461 
4
112.9487 28.2298 
112.9582 28.2305 
112.9571 28.2357 
112.9480 28.2359 
6
113.0313 28.2318 
113.0395 28.2324 
113.0536 28.2342 
113.0528 28.2493 
113.0421 28.2509 
113.0391 28.2455 
4
112.9164 28.2340 
112.9278 28.2354 
112.9270 28.2435 
112.9214 28.2448 
4
113.0536 28.2342 
113.0635 28.2352 
113.0649 28.2489 
113.0528 28.2493 
4
112.9362 28.2349 
112.9480 28.2359 
112.9473 28.2428 
112.9354 28.2437 
4
112.9362 28.2349 
112.9354 28.2437 
112.9270 28.2435 
112.9278 28.2354 
4
113.0635 28.2352 
113.0757 28.2365 
113.0762 28.2481 
113.0649 28.2489 
4
112.9571 28.2357 
112.9567 28.2420 
112.9473 28.2428 
112.9480 28.2359 
4
113.0757 28.2365 
113.0798 28.2373 
113.0800 28.2488 
113.0762 28.2481 
4
113.0798 28.2373 
113.0969 28.2389 
113.0969 28.2498 
113.0800 28.2488 
5
113.1174 28.2387 
113.1173 28.2487 
113.0969 28.2498 
113.0969 28.2389 
113.1055 28.2392 
4
112.9831 28.2400 
112.9839 28.2546 
112.9740 28.2580 
112.9747 28.2421 
4
112.9567 28.2420 
112.9747 28.2421 
112.9740 28.2580 
112.9548 28.2559 
4
112.9567 28.2420 
112.9548 28.2559 
112.9461 28.2558 
112.9473 28.2428 
4
112.9473 28.2428 
112.9461 28.2558 
112.9344 28.2552 
112.9354 28.2437 
5
112.9270 28.2435 
112.9354 28.2437 
112.9344 28.2552 
112.9258 28.2542 
112.9250 28.2510 
3
112.9270 28.2435 
112.9250 28.2510 
112.9214 28.2448 
4
113.0016 28.2445 
113.0128 28.2461 
113.0126 28.2553 
113.0014 28.2552 
4
113.0391 28.2455 
113.0421 28.2509 
113.0126 28.2553 
113.0128 28.2461 
4
113.0762 28.2481 
113.0800 28.2488 
113.0799 28.2567 
113.0730 28.2572 
4
113.0762 28.2481 
113.0730 28.2572 
113.0663 28.2581 
113.0649 28.2489 
4
113.1173 28.2487 
113.1173 28.2578 
113.0971 28.2575 
113.0969 28.2498 
4
113.0800 28.2488 
113.0969 28.2498 
113.0971 28.2575 
113.0799 28.2567 
4
113.0649 28.2489 
113.0663 28.2581 
113.0525 28.2588 
113.0528 28.2493 
4
113.0528 28.2493 
113.0525 28.2588 
113.0484 28.2620 
113.0421 28.2509 
4
113.0799 28.2567 
113.0971 28.2575 
113.0972 28.2622 
113.0806 28.2631 
5
113.0799 28.2567 
113.0806 28.2631 
113.0670 28.2655 
113.0663 28.2581 
113.0730 28.2572 
4
113.0971 28.2575 
113.1173 28.2578 
113.1169 28.2610 
113.0972 28.2622 
