112.9918 28.1339 
112.9761 28.1406 
113.1065 28.1526 
113.0592 28.1528 
113.0492 28.1526 
113.0352 28.1522 
113.0243 28.1521 
112.9306 28.1460 
112.9414 28.1468 
112.9543 28.1518 
112.9635 28.1470 
112.9754 28.1496 
112.9872 28.1522 
112.9959 28.1608 
112.9422 28.1590 
112.9275 28.1631 
112.9856 28.1629 
113.0181 28.1644 
113.0119 28.1638 
113.0067 28.1665 
113.0242 28.1646 
113.0357 28.1653 
113.0509 28.1663 
113.0611 28.1670 
113.1058 28.1697 
112.9575 28.1744 
112.9462 28.1763 
112.9297 28.1695 
113.0115 28.1718 
112.9659 28.1784 
113.0001 28.1763 
112.9859 28.1810 
113.0114 28.1794 
113.0178 28.1800 
113.0304 28.1799 
113.0243 28.1845 
113.0382 28.1799 
112.9778 28.1826 
113.0519 28.1802 
113.0624 28.1803 
113.0692 28.1805 
113.0964 28.1831 
112.9477 28.1850 
113.1208 28.1860 
112.9999 28.1873 
112.9862 28.1887 
113.0960 28.1928 
113.0718 28.1939 
112.9782 28.1894 
113.0641 28.1936 
112.9493 28.1929 
112.9710 28.1900 
113.0557 28.1934 
113.0382 28.1925 
113.0308 28.1930 
113.0241 28.1934 
113.0176 28.1938 
113.0107 28.1941 
112.9996 28.1924 
112.9863 28.1931 
112.9785 28.1935 
112.9737 28.1938 
112.9995 28.1959 
112.9864 28.1967 
112.9787 28.1972 
113.0453 28.1980 
113.0369 28.1965 
112.9741 28.1974 
112.9693 28.1977 
113.0360 28.1993 
112.9504 28.2001 
113.0241 28.1999 
113.0175 28.2000 
113.0563 28.1988 
113.0105 28.2005 
113.0649 28.1994 
112.9994 28.2006 
113.0742 28.2015 
112.9867 28.2008 
112.9808 28.2022 
113.0900 28.2096 
112.9752 28.2033 
112.9704 28.2032 
112.9622 28.2042 
113.1039 28.2030 
113.0240 28.2050 
113.0174 28.2068 
112.9509 28.2069 
113.1161 28.2039 
112.9991 28.2045 
113.0104 28.2049 
113.0326 28.2058 
113.0411 28.2061 
113.0558 28.2070 
113.0676 28.2046 
112.9362 28.2101 
112.9704 28.2075 
112.9683 28.2151 
112.9755 28.2075 
112.9802 28.2078 
112.9842 28.2081 
113.1146 28.2146 
113.0777 28.2142 
112.9975 28.2122 
112.9546 28.2156 
113.0101 28.2128 
113.0197 28.2099 
112.9184 28.2143 
113.0311 28.2132 
112.9847 28.2217 
112.9797 28.2218 
113.0367 28.2153 
112.9724 28.2225 
113.0544 28.2177 
113.0709 28.2190 
112.9219 28.2206 
112.9544 28.2254 
113.0218 28.2216 
113.0097 28.2232 
112.9460 28.2274 
113.0235 28.2281 
112.9239 28.2268 
113.0094 28.2275 
113.0598 28.2294 
112.9968 28.2336 
112.9799 28.2362 
113.0713 28.2303 
113.0913 28.2320 
113.0784 28.2338 
112.9235 28.2309 
112.9674 28.2375 
113.0093 28.2349 
112.9338 28.2312 
112.9445 28.2317 
113.1133 28.2328 
113.1026 28.2359 
113.0278 28.2357 
112.9547 28.2320 
113.0415 28.2328 
112.9237 28.2376 
113.0607 28.2394 
112.9438 28.2379 
112.9329 28.2407 
113.0718 28.2399 
112.9537 28.2402 
113.0785 28.2409 
113.0912 28.2420 
113.1105 28.2457 
112.9803 28.2509 
112.9685 28.2474 
112.9525 28.2512 
112.9426 28.2513 
112.9323 28.2475 
112.9245 28.2464 
113.0090 28.2486 
113.0313 28.2506 
113.0787 28.2512 
113.0718 28.2545 
113.1106 28.2547 
113.0913 28.2520 
113.0612 28.2553 
113.0512 28.2567 
113.0914 28.2588 
113.0758 28.2618 
113.1104 28.2588 
