100663434 1
100663446 2
100663453 3
100663481 4
100663495 5
100663503 6
100663517 7
100663521 8
100663546 9
100663599 10
100663606 11
100663613 12
100663680 13
100663698 14
100663705 15
100663711 16
100663730 17
100663841 18
100663845 19
100663846 20
100663847 21
100663853 22
100663877 23
100663897 24
100663901 25
100663904 26
100663919 27
100663924 28
100663926 29
100663927 30
100663928 31
100663935 32
100663951 33
100663968 34
100663993 35
100663994 36
100664019 37
100664026 38
100664027 39
100664039 40
100664051 41
100664053 42
100664071 43
100664084 44
100664086 45
100664090 46
100664121 47
100664123 48
100664127 49
100664130 50
100664146 51
100664149 52
100664155 53
100664161 54
100664168 55
100664172 56
100664178 57
100664181 58
100664188 59
100664193 60
100664200 61
100664213 62
100664214 63
100664225 64
100664232 65
100664237 66
100664253 67
100664266 68
100664271 69
100664278 70
100664282 71
100664286 72
100664290 73
100664292 74
100664296 75
100664305 76
100664313 77
100664331 78
100664333 79
100664359 80
100664369 81
100664371 82
100664378 83
100664379 84
100664390 85
100664399 86
100664407 87
100664419 88
100664420 89
100664421 90
100664427 91
100664435 92
100664437 93
100664445 94
100664456 95
100664477 96
100664482 97
100664493 98
100664497 99
100664502 100
100664506 101
100664526 102
100664534 103
100664546 104
100664559 105
100664562 106
100664573 107
100664578 108
100664579 109
100664586 110
100664587 111
100664599 112
100664600 113
100664601 114
100664604 115
100664605 116
100664610 117
100664618 118
100664625 119
100664632 120
100664649 121
100664655 122
100664656 123
100664667 124
100664670 125
100664674 126
100664678 127
100664682 128
100664690 129
100664704 130
100664708 131
100664715 132
100664731 133
100664734 134
100664747 135
100664755 136
100664759 137
100664765 138
100664767 139
100664770 140
100664774 141
100664777 142
100664782 143
100664798 144
100664799 145
100664803 146
100664808 147
100664811 148
100664815 149
100664819 150
100664820 151
100664822 152
100664823 153
100664825 154
100664827 155
100664828 156
100664839 157
100664846 158
100664850 159
100664853 160
100664855 161
100664861 162
100664862 163
100664864 164
100664867 165
100664873 166
100664874 167
100664875 168
100664876 169
100664878 170
100664892 171
100664893 172
100664897 173
100664898 174
100664908 175
100664910 176
100664924 177
100664928 178
100664929 179
100664938 180
100664939 181
100664941 182
100664952 183
100664953 184
100664957 185
100664963 186
100664966 187
100664968 188
100664977 189
100664979 190
100664982 191
100664984 192
100664994 193
100664996 194
100664997 195
100664998 196
100665006 197
100665007 198
100665008 199
100665019 200
100665027 201
100665033 202
100665035 203
100665037 204
100665039 205
100665040 206
100665045 207
100665049 208
100665053 209
100665054 210
100665061 211
100665062 212
100665071 213
100665074 214
100665082 215
100665084 216
100665085 217
100665099 218
100665100 219
100665101 220
100665108 221
100665113 222
100665119 223
100665123 224
100665125 225
100665127 226
100665130 227
100665138 228
100665141 229
100665142 230
100665144 231
100665149 232
100665153 233
100665154 234
100665155 235
100665165 236
100665182 237
100665191 238
100665200 239
100665202 240
100665204 241
100665209 242
100665213 243
100665214 244
100665221 245
100665226 246
100665231 247
100665232 248
100665242 249
100665243 250
100665245 251
100665246 252
100665256 253
100665263 254
100665265 255
100665269 256
100665274 257
100665278 258
100665284 259
100665296 260
100665298 261
100665302 262
100665303 263
100665304 264
100665305 265
100665309 266
100665314 267
100665315 268
100665418 269
100665421 270
100665422 271
100665425 272
100665432 273
100665433 274
100665436 275
100665440 276
100665441 277
100665448 278
100665449 279
100665471 280
100665476 281
100665480 282
100665481 283
100665485 284
100665490 285
100665491 286
100665492 287
100665493 288
100665494 289
100665496 290
100665497 291
100665553 292
100665586 293
100665590 294
100665592 295
100665597 296
100665613 297
100665617 298
100665618 299
100665622 300
100665623 301
100665631 302
100665636 303
100665637 304
100665638 305
100665640 306
100665644 307
100665645 308
100665650 309
100665651 310
100665652 311
100665658 312
100665659 313
100665661 314
100665666 315
100665668 316
100665676 317
100665678 318
100665684 319
100665690 320
100665691 321
100665692 322
100665694 323
100665696 324
100665699 325
100665700 326
100665707 327
100665708 328
100665712 329
100665713 330
100665715 331
100665719 332
100665720 333
100665721 334
100665723 335
100665726 336
100665729 337
100665736 338
100665737 339
100665738 340
100665749 341
100665750 342
100665752 343
100665753 344
100665754 345
100665763 346
100665765 347
100665770 348
100665771 349
100665772 350
100665773 351
100665774 352
100665778 353
100665780 354
100665784 355
100665785 356
100665787 357
100665793 358
100665794 359
100665798 360
100665799 361
100665808 362
100665811 363
100665812 364
100665814 365
100665816 366
100665819 367
100665820 368
100665832 369
100665846 370
100665847 371
100665852 372
100665856 373
100665861 374
100665868 375
100665874 376
100665875 377
100665876 378
100665882 379
100665885 380
100665886 381
100665889 382
100665890 383
100665891 384
100665892 385
100665906 386
100665910 387
100665915 388
100665916 389
100665918 390
100665920 391
100665921 392
100665923 393
100665925 394
100665927 395
100665934 396
100665935 397
100665937 398
100665939 399
100665948 400
100665950 401
100665953 402
100665957 403
100665961 404
100665962 405
100665983 406
100665986 407
100665991 408
100665992 409
100665994 410
100665996 411
100666002 412
100666004 413
100666006 414
100666007 415
100666008 416
100666009 417
100666010 418
100666011 419
100666013 420
100666016 421
100666023 422
100666024 423
100666025 424
100666029 425
100666030 426
100666034 427
100666037 428
100666039 429
100666044 430
100666045 431
100666049 432
100666051 433
100666053 434
100666057 435
100666064 436
100666070 437
100666072 438
100666073 439
100666074 440
100666076 441
100666077 442
100666078 443
100666079 444
100666082 445
100666084 446
100666090 447
100666091 448
100666093 449
100666096 450
100666099 451
100666119 452
100666125 453
100666128 454
100666130 455
100666131 456
100666133 457
100666136 458
100666138 459
100666139 460
100666140 461
100666142 462
100666143 463
100666146 464
100666149 465
100666154 466
100666155 467
100666157 468
100666158 469
100666164 470
100666166 471
100666171 472
100666177 473
100666178 474
100666179 475
100666180 476
100666186 477
100666191 478
100666193 479
100666194 480
100666198 481
100666202 482
100666204 483
100666209 484
100666210 485
100666213 486
100666218 487
100666222 488
100666223 489
100666224 490
100666226 491
100666228 492
100666229 493
100666232 494
100666233 495
100666234 496
100666238 497
100666240 498
100666241 499
100666242 500
100666243 501
100666244 502
100666261 503
100666265 504
100666269 505
100666270 506
100666271 507
100666274 508
100666276 509
100666277 510
100666278 511
100666279 512
100666280 513
100666283 514
100666286 515
100666287 516
100666289 517
100666291 518
100666296 519
100666298 520
100666300 521
100666301 522
100666303 523
100666307 524
100666310 525
100666313 526
100666320 527
100666321 528
100666322 529
100666324 530
100666325 531
100666326 532
100666327 533
100666336 534
100666341 535
100666344 536
100666345 537
100666348 538
100666355 539
100666375 540
100666377 541
100666380 542
100666381 543
100666382 544
100666383 545
100666384 546
100666386 547
100666388 548
100666393 549
100666394 550
100666396 551
100666398 552
100666399 553
100666404 554
100666406 555
100666408 556
100666414 557
100666416 558
100666420 559
100666421 560
100666426 561
100666427 562
100666430 563
100666431 564
100666432 565
100666438 566
100666441 567
100666443 568
100666452 569
100666455 570
100666457 571
100666460 572
100666461 573
100666462 574
100666473 575
100666476 576
100666478 577
100666482 578
100666484 579
100666485 580
100666488 581
100666490 582
100666500 583
100666503 584
100666506 585
100666515 586
100666516 587
100666522 588
100666530 589
100666534 590
100666536 591
100666539 592
100666547 593
100666548 594
100666550 595
100666551 596
100666556 597
100666562 598
100666563 599
100666568 600
100666569 601
100666573 602
100666577 603
100666580 604
100666582 605
100666584 606
100666595 607
100666596 608
100666601 609
100666603 610
100666605 611
100666613 612
100666614 613
100666615 614
100666617 615
100666619 616
100666620 617
100666624 618
100666628 619
100666632 620
100666638 621
100666639 622
100666640 623
100666641 624
100666643 625
100666646 626
100666647 627
100666651 628
100666652 629
100666654 630
100666657 631
100666659 632
100666660 633
100666663 634
100666666 635
100666667 636
100666668 637
100666670 638
100666671 639
100666672 640
100666673 641
100666674 642
100666676 643
100666678 644
100666679 645
100666680 646
100666683 647
100666684 648
100666687 649
100666689 650
100666692 651
100666693 652
100666694 653
100666695 654
100666696 655
100666698 656
100666700 657
100666703 658
100666709 659
100666711 660
100666714 661
100666716 662
100666717 663
100666726 664
100666728 665
100666729 666
100666733 667
100666735 668
100666736 669
100666738 670
100666742 671
100666747 672
100666750 673
100666757 674
100666768 675
100666770 676
100666772 677
100666774 678
100666782 679
100666785 680
100666795 681
100666799 682
100666805 683
100666808 684
100666813 685
100666816 686
100666819 687
100666822 688
100666823 689
100666831 690
100666836 691
100666862 692
100666864 693
100666869 694
100666873 695
100666877 696
100666881 697
100666882 698
100666888 699
100666890 700
100666895 701
100666899 702
100666909 703
100666919 704
100666922 705
100666928 706
100666933 707
100666938 708
100666942 709
100666950 710
100666954 711
100666958 712
100666966 713
100666967 714
100666968 715
100666973 716
100666981 717
100666995 718
100666998 719
100667000 720
100667008 721
100667009 722
100667014 723
100667018 724
100667019 725
100667021 726
100667022 727
100667023 728
100667024 729
100667029 730
100667030 731
100667031 732
100667034 733
100667036 734
100667037 735
100667038 736
100667041 737
100667043 738
100667045 739
100667046 740
100667048 741
100667049 742
100667051 743
100667052 744
100667059 745
100667064 746
100667065 747
100667067 748
100667070 749
100667072 750
100667073 751
100667074 752
100667077 753
100667078 754
100667083 755
100667084 756
100667095 757
100667101 758
100667106 759
100667107 760
100667112 761
100667113 762
100667117 763
100667122 764
100667127 765
100667129 766
100667134 767
100667135 768
100667146 769
100667147 770
100667152 771
100667159 772
100667164 773
100667166 774
100667168 775
100667173 776
100667175 777
100667183 778
100667187 779
100667203 780
100667207 781
100667212 782
100667214 783
100667219 784
100667223 785
100667224 786
100667231 787
100667234 788
100667237 789
100667242 790
100667251 791
100667254 792
100667258 793
100667261 794
100667263 795
100667266 796
100667267 797
100667268 798
100667273 799
100667278 800
100667280 801
100667286 802
100667287 803
100667291 804
100667297 805
100667299 806
100667303 807
100667305 808
100667308 809
100667325 810
100667326 811
100667333 812
100667334 813
100667335 814
100667336 815
100667345 816
100667362 817
100667365 818
100667374 819
100667381 820
100667387 821
100667395 822
100667409 823
100667410 824
100667411 825
100667412 826
100667420 827
100667423 828
100667429 829
100667435 830
100667441 831
100667443 832
100667444 833
100667453 834
100667454 835
100667455 836
100667456 837
100667468 838
100667470 839
100667472 840
100667473 841
100667477 842
100667478 843
100667484 844
100667486 845
100667493 846
100667497 847
100667500 848
100667501 849
100667502 850
100667503 851
100667505 852
100667506 853
100667508 854
100667509 855
100667510 856
100667511 857
100667512 858
100667513 859
100667517 860
100667520 861
100667521 862
100667523 863
100667536 864
100667548 865
100667551 866
100667552 867
100667553 868
100667558 869
100667562 870
100667563 871
100667567 872
100667583 873
100667586 874
100667587 875
100667588 876
100667591 877
100667595 878
100667596 879
100667598 880
100667599 881
100667604 882
100667612 883
100667618 884
100667621 885
100667626 886
100667633 887
100667635 888
100667636 889
100667637 890
100667645 891
100667650 892
100667652 893
100667658 894
100667662 895
100667665 896
100667666 897
100667668 898
100667670 899
100667671 900
100667672 901
100667679 902
100667681 903
100667683 904
100667684 905
100667685 906
100667691 907
100667692 908
100667693 909
100667694 910
100667695 911
100667698 912
100667703 913
100667704 914
100667707 915
100667708 916
100667710 917
100667713 918
100667722 919
100667723 920
100667726 921
100667727 922
100667736 923
100667740 924
100667742 925
100667745 926
100667753 927
100667754 928
100667756 929
100667759 930
100667774 931
100667785 932
100667791 933
100667793 934
100667803 935
100667810 936
100667819 937
100667823 938
100667825 939
100667828 940
100667830 941
100667837 942
100667838 943
100667840 944
100667849 945
100667855 946
100667860 947
100667865 948
100667866 949
100667869 950
100667870 951
100667872 952
100667876 953
100667877 954
100667881 955
100667883 956
100667886 957
100667888 958
100667891 959
100667893 960
100667896 961
100667897 962
100667900 963
100667907 964
100667914 965
100667923 966
100667927 967
100667935 968
100667936 969
100667944 970
100667945 971
100667957 972
100667964 973
100667969 974
100667975 975
100667983 976
100667984 977
100667985 978
100667987 979
100667988 980
100667990 981
100667997 982
100668001 983
100668006 984
100668007 985
100668008 986
100668013 987
100668026 988
100668030 989
100668034 990
100668035 991
100668039 992
100668050 993
100668055 994
100668056 995
100668068 996
100668075 997
100668082 998
100668089 999
100668091 1000
100668101 1001
100668102 1002
100668114 1003
100668126 1004
100668128 1005
100668138 1006
100668141 1007
100668142 1008
100668146 1009
100668148 1010
100668149 1011
100668150 1012
100668163 1013
100668166 1014
100668167 1015
100668174 1016
100668175 1017
100668180 1018
100668182 1019
100668194 1020
100668201 1021
100668213 1022
100668238 1023
100668245 1024
100668249 1025
100668252 1026
100668255 1027
100668258 1028
100668264 1029
100668269 1030
100668272 1031
100668274 1032
100668275 1033
100668276 1034
100668280 1035
100668293 1036
100668294 1037
100668301 1038
100668306 1039
100668308 1040
100668312 1041
100668318 1042
100668319 1043
100668320 1044
100668327 1045
100668328 1046
100668331 1047
100668334 1048
100668337 1049
100668342 1050
100668357 1051
100668359 1052
100668362 1053
100668368 1054
100668372 1055
100668379 1056
100668380 1057
100668385 1058
100668404 1059
100668409 1060
100668411 1061
100668413 1062
100668418 1063
100668431 1064
100668436 1065
100668438 1066
100668448 1067
100668450 1068
100668458 1069
100668464 1070
100668465 1071
100668469 1072
100668471 1073
100668478 1074
100668481 1075
100668482 1076
100668490 1077
100668495 1078
100668502 1079
100668504 1080
100668518 1081
100668520 1082
100668522 1083
100668528 1084
100668530 1085
100668542 1086
100668543 1087
100668545 1088
100668548 1089
100668551 1090
100668559 1091
100668564 1092
100668565 1093
100668582 1094
100668584 1095
100668588 1096
100668596 1097
100668602 1098
100668607 1099
100668610 1100
100668611 1101
100668612 1102
100668617 1103
100668619 1104
100668623 1105
100668625 1106
100668627 1107
100668635 1108
100668637 1109
100668638 1110
100668643 1111
100668647 1112
100668650 1113
100668655 1114
100668660 1115
100668662 1116
100668665 1117
100668671 1118
100668694 1119
100668696 1120
100668700 1121
100668709 1122
100668719 1123
100668720 1124
100668725 1125
100668726 1126
100668734 1127
100668737 1128
100668741 1129
100668744 1130
100668750 1131
100668751 1132
100668755 1133
100668760 1134
100668761 1135
100668770 1136
100668779 1137
100668780 1138
100668782 1139
100668784 1140
100668785 1141
100668817 1142
100668818 1143
100668831 1144
100668835 1145
100668840 1146
100668848 1147
100668854 1148
100668856 1149
100668858 1150
100668867 1151
100668869 1152
100668871 1153
100668873 1154
100668883 1155
100668885 1156
100668886 1157
100668898 1158
100668905 1159
100668906 1160
100668910 1161
100668911 1162
100668915 1163
100668923 1164
100668935 1165
100668937 1166
100668942 1167
100668946 1168
100668947 1169
100668950 1170
100668951 1171
100668961 1172
100668962 1173
100668963 1174
100668966 1175
100668977 1176
100668983 1177
100668990 1178
100668991 1179
100668995 1180
100668996 1181
100668997 1182
100668998 1183
100669000 1184
100669003 1185
100669013 1186
100669017 1187
100669021 1188
100669025 1189
100669032 1190
100669034 1191
100669044 1192
100669046 1193
100669052 1194
100669058 1195
100669061 1196
100669065 1197
100669066 1198
100669068 1199
100669069 1200
100669070 1201
100669079 1202
100669084 1203
100669089 1204
100669091 1205
100669109 1206
100669110 1207
100669111 1208
100669114 1209
100669116 1210
100669118 1211
100669120 1212
100669127 1213
100669128 1214
100669131 1215
100669134 1216
100669139 1217
100669151 1218
100669152 1219
100669155 1220
100669180 1221
100669185 1222
100669191 1223
100669193 1224
100669195 1225
100669202 1226
100669207 1227
100669209 1228
100669210 1229
100669218 1230
100669222 1231
100669223 1232
100669227 1233
100669229 1234
100669233 1235
100669235 1236
100669240 1237
100669242 1238
100669244 1239
100669245 1240
100669246 1241
100669252 1242
100669253 1243
100669261 1244
100669268 1245
100669269 1246
100669272 1247
100669274 1248
100669277 1249
100669283 1250
100669285 1251
100669287 1252
100669290 1253
100669293 1254
100669296 1255
100669311 1256
100669313 1257
100669315 1258
100669321 1259
100669323 1260
100669324 1261
100669326 1262
100669327 1263
100669329 1264
100669332 1265
100669334 1266
100669337 1267
100669339 1268
100669340 1269
100669342 1270
100669353 1271
100669361 1272
100669365 1273
100669370 1274
100669371 1275
100669378 1276
100669380 1277
100669382 1278
100669383 1279
100669387 1280
100669388 1281
100669389 1282
100669397 1283
100669399 1284
100669409 1285
100669416 1286
100669419 1287
100669421 1288
100669433 1289
100669435 1290
100669445 1291
100669448 1292
100669455 1293
100669461 1294
100669465 1295
100669468 1296
100669469 1297
100669481 1298
100669485 1299
100669486 1300
100669487 1301
100669489 1302
100669490 1303
100669494 1304
100669505 1305
100669511 1306
100669522 1307
100669523 1308
100669529 1309
100669532 1310
100669537 1311
100669542 1312
100669544 1313
100669545 1314
100669548 1315
100669567 1316
100669568 1317
100669572 1318
100669574 1319
100669580 1320
100669581 1321
100669582 1322
100669603 1323
100669606 1324
100669619 1325
100669626 1326
100669628 1327
100669631 1328
100669644 1329
100669646 1330
100669649 1331
100669655 1332
100669657 1333
100669662 1334
100669663 1335
100669668 1336
100669674 1337
100669675 1338
100669677 1339
100669693 1340
100669696 1341
100669697 1342
100669705 1343
100669707 1344
100669708 1345
100669712 1346
100669714 1347
100669716 1348
100669721 1349
100669723 1350
100669737 1351
100669739 1352
100669752 1353
100669753 1354
100669759 1355
100669762 1356
100669773 1357
100669779 1358
100669785 1359
100669796 1360
100669805 1361
100669806 1362
100669808 1363
100669811 1364
100669816 1365
100669819 1366
100669822 1367
100669824 1368
100669825 1369
100669827 1370
100669829 1371
100669833 1372
100669840 1373
100669843 1374
100669846 1375
100669849 1376
100669854 1377
100669859 1378
100669866 1379
100669868 1380
100669869 1381
100669872 1382
100669876 1383
100669878 1384
100669884 1385
100669908 1386
100669913 1387
100669916 1388
100669919 1389
100669925 1390
100669927 1391
100669928 1392
100669932 1393
100669936 1394
100669942 1395
100669944 1396
100669946 1397
100669948 1398
100669951 1399
100669952 1400
100669953 1401
100669962 1402
100669965 1403
100669966 1404
100669969 1405
100669971 1406
100669977 1407
100669978 1408
100669979 1409
100669982 1410
100669989 1411
100669994 1412
100669997 1413
100670003 1414
100670004 1415
100670010 1416
100670011 1417
100670012 1418
100670029 1419
100670031 1420
100670032 1421
100670033 1422
100670037 1423
100670068 1424
100670076 1425
100670086 1426
100670089 1427
100670101 1428
100670102 1429
100670109 1430
100670111 1431
100670116 1432
100670124 1433
100670129 1434
100670142 1435
100670159 1436
100670160 1437
100670163 1438
100670167 1439
100670169 1440
100670171 1441
100670175 1442
100670177 1443
100670182 1444
100670184 1445
100670191 1446
100670193 1447
100670196 1448
100670198 1449
100670202 1450
100670204 1451
100670205 1452
100670211 1453
100670213 1454
100670220 1455
100670221 1456
100670225 1457
100670226 1458
100670229 1459
100670234 1460
100670242 1461
100670250 1462
100670258 1463
100670261 1464
100670271 1465
100670275 1466
100670280 1467
100670283 1468
100670284 1469
100670288 1470
100670294 1471
100670298 1472
100670309 1473
100670312 1474
100670317 1475
100670319 1476
100670322 1477
100670326 1478
100670327 1479
100670329 1480
100670331 1481
100670338 1482
100670347 1483
100670352 1484
100670353 1485
100670357 1486
100670398 1487
100670402 1488
100670403 1489
100670411 1490
100670415 1491
100670416 1492
100670419 1493
100670421 1494
100670426 1495
100670428 1496
100670429 1497
100670431 1498
100670442 1499
100670446 1500
100670456 1501
100670476 1502
100670477 1503
100670482 1504
100670483 1505
100670487 1506
100670491 1507
100670495 1508
100670498 1509
100670501 1510
100670502 1511
100670505 1512
100670508 1513
100670509 1514
100670514 1515
100670515 1516
100670517 1517
100670518 1518
100670530 1519
100670533 1520
100670534 1521
100670537 1522
100670539 1523
100670542 1524
100670543 1525
100670548 1526
100670549 1527
100670554 1528
100670556 1529
100670558 1530
100670560 1531
100670565 1532
100670567 1533
100670569 1534
100670575 1535
100670578 1536
100670579 1537
100670582 1538
100670584 1539
100670586 1540
100670593 1541
100670595 1542
100670601 1543
100670607 1544
100670612 1545
100670615 1546
100670623 1547
100670639 1548
100670640 1549
100670647 1550
100670651 1551
100670655 1552
100670659 1553
100670661 1554
100670663 1555
100670665 1556
100670669 1557
100670671 1558
100670673 1559
100670677 1560
100670680 1561
100670682 1562
100670690 1563
100670691 1564
100670693 1565
100670706 1566
100670707 1567
100670709 1568
100670716 1569
100670717 1570
100670720 1571
100670724 1572
100670725 1573
100670726 1574
100670728 1575
100670730 1576
100670731 1577
100670739 1578
100670750 1579
100670752 1580
100670756 1581
100670759 1582
100670766 1583
100670768 1584
100670772 1585
100670776 1586
100670780 1587
100670783 1588
100670799 1589
100670806 1590
100670807 1591
100670812 1592
100670813 1593
100670827 1594
100670836 1595
100670839 1596
100670854 1597
100670855 1598
100670861 1599
100670874 1600
100670878 1601
100670881 1602
100670890 1603
100670893 1604
100670898 1605
100670900 1606
100670901 1607
100670910 1608
100670911 1609
100670913 1610
100670919 1611
100670921 1612
100670927 1613
100670928 1614
100670940 1615
100670941 1616
100670944 1617
100670945 1618
100670946 1619
100670952 1620
100670953 1621
100670954 1622
100670955 1623
100670956 1624
100670960 1625
100670962 1626
100670964 1627
100670967 1628
100670970 1629
100670975 1630
100670976 1631
100670979 1632
100670982 1633
100670986 1634
100670987 1635
100670989 1636
100670991 1637
100670994 1638
100670995 1639
100670996 1640
100671009 1641
100671011 1642
100671020 1643
100671021 1644
100671027 1645
100671030 1646
100671044 1647
100671045 1648
100671046 1649
100671063 1650
100671074 1651
100671081 1652
100671088 1653
100671094 1654
100671097 1655
100671118 1656
100671119 1657
100671125 1658
100671130 1659
100671138 1660
100671141 1661
100671149 1662
100671151 1663
100671154 1664
100671155 1665
100671169 1666
100671170 1667
100671173 1668
100671178 1669
100671182 1670
100671184 1671
100671202 1672
100671217 1673
100671221 1674
100671224 1675
100671225 1676
100671232 1677
100671236 1678
100671238 1679
100671241 1680
100671243 1681
100671247 1682
100671256 1683
100671258 1684
100671270 1685
100671282 1686
100671293 1687
100671300 1688
100671304 1689
100671313 1690
100671330 1691
100671334 1692
100671337 1693
100671342 1694
100671344 1695
100671345 1696
100671349 1697
100671351 1698
100671353 1699
100671359 1700
100671364 1701
100671366 1702
100671368 1703
100671376 1704
100671393 1705
100671398 1706
100671399 1707
100671404 1708
100671405 1709
100671407 1710
100671416 1711
100671420 1712
100671422 1713
100671426 1714
100671433 1715
100671435 1716
100671440 1717
100671442 1718
100671449 1719
100671451 1720
100671453 1721
100671457 1722
100671459 1723
100671460 1724
100671462 1725
100671466 1726
100671468 1727
100671471 1728
100671475 1729
100671477 1730
100671485 1731
100671494 1732
100671503 1733
100671508 1734
100671509 1735
100671510 1736
100671513 1737
100671516 1738
100671518 1739
100671523 1740
100671532 1741
100671533 1742
100671534 1743
100671538 1744
100671542 1745
100671545 1746
100671548 1747
100671553 1748
100671554 1749
100671569 1750
100671580 1751
100671584 1752
100671607 1753
100671620 1754
100671631 1755
100671637 1756
100671639 1757
100671641 1758
100671651 1759
100671655 1760
100671659 1761
100671662 1762
100671679 1763
100671695 1764
100671696 1765
100671699 1766
100671700 1767
100671702 1768
100671709 1769
100671711 1770
100671715 1771
100671721 1772
100671731 1773
100671732 1774
100671740 1775
100671741 1776
100671748 1777
100671758 1778
100671759 1779
100671772 1780
100671777 1781
100671780 1782
100671783 1783
100671796 1784
100671802 1785
100671819 1786
100671822 1787
100671840 1788
100671842 1789
100671845 1790
100671853 1791
100671858 1792
100671860 1793
100671868 1794
100671872 1795
100671881 1796
100671883 1797
100671884 1798
100671888 1799
100671897 1800
100671901 1801
100671907 1802
100671913 1803
100671919 1804
100671921 1805
100671926 1806
100671933 1807
100671941 1808
100671943 1809
100671964 1810
100671968 1811
100671979 1812
100671989 1813
100671991 1814
100671992 1815
100672003 1816
100672006 1817
100672009 1818
100672011 1819
100672014 1820
100672018 1821
100672025 1822
100672033 1823
100672034 1824
100672042 1825
100672043 1826
100672046 1827
100672048 1828
100672056 1829
100672061 1830
100672067 1831
100672076 1832
100672078 1833
100672081 1834
100672082 1835
100672085 1836
100672086 1837
100672090 1838
100672091 1839
100672105 1840
100672106 1841
100672108 1842
100672111 1843
100672115 1844
100672120 1845
100672127 1846
100672136 1847
100672138 1848
100672141 1849
100672149 1850
100672152 1851
100672160 1852
100672167 1853
100672169 1854
100672171 1855
100672189 1856
100672192 1857
100672211 1858
100672213 1859
100672223 1860
100672227 1861
100672234 1862
100672239 1863
100672241 1864
100672247 1865
100672250 1866
100672251 1867
100672257 1868
100672259 1869
100672269 1870
100672277 1871
100672316 1872
100672322 1873
100672324 1874
100672331 1875
100672334 1876
100672338 1877
100672341 1878
100672349 1879
100672350 1880
100672352 1881
100672354 1882
100672355 1883
100672356 1884
100672359 1885
100672363 1886
100672364 1887
100672370 1888
100672374 1889
100672378 1890
100672382 1891
100672385 1892
100672388 1893
100672391 1894
100672405 1895
100672412 1896
100672416 1897
100672422 1898
100672433 1899
100672435 1900
100672444 1901
100672464 1902
100672466 1903
100672469 1904
100672470 1905
100672472 1906
100672481 1907
100672509 1908
100672519 1909
100672535 1910
100672544 1911
100672549 1912
100672553 1913
100672559 1914
100672561 1915
100672564 1916
100672566 1917
100672575 1918
100672576 1919
100672579 1920
100672584 1921
100672591 1922
100672601 1923
100672605 1924
100672610 1925
100672611 1926
100672612 1927
100672620 1928
100672630 1929
100672632 1930
100672653 1931
100672655 1932
100672658 1933
100672659 1934
100672674 1935
100672684 1936
100672690 1937
100672694 1938
100672711 1939
100672712 1940
100672715 1941
100672720 1942
100672723 1943
100672730 1944
100672732 1945
100672735 1946
100672736 1947
100672741 1948
100672744 1949
100672761 1950
100672764 1951
100672767 1952
100672768 1953
100672778 1954
100672780 1955
100672787 1956
100672793 1957
100672799 1958
100672801 1959
100672803 1960
100672815 1961
100672816 1962
100672817 1963
100672827 1964
100672835 1965
100672837 1966
100672842 1967
100672848 1968
100672852 1969
100672858 1970
100672867 1971
100672876 1972
100672899 1973
100672907 1974
100672918 1975
100672921 1976
100672925 1977
100672928 1978
100672934 1979
100672954 1980
100672973 1981
100672985 1982
100673001 1983
100673005 1984
100673006 1985
100673012 1986
100673030 1987
100673033 1988
100673037 1989
100673041 1990
100673043 1991
100673045 1992
100673048 1993
100673059 1994
100673071 1995
100673077 1996
100673081 1997
100673084 1998
100673097 1999
100673104 2000
100673114 2001
100673118 2002
100673131 2003
100673148 2004
100673156 2005
100673183 2006
100673191 2007
100673197 2008
100673200 2009
100673201 2010
100673203 2011
100673206 2012
100673208 2013
100673211 2014
100673217 2015
100673238 2016
100673239 2017
100673241 2018
100673259 2019
100673262 2020
100673265 2021
100673269 2022
100673274 2023
100673277 2024
100673291 2025
100673297 2026
100673306 2027
100673316 2028
100673321 2029
100673322 2030
100673323 2031
100673325 2032
100673329 2033
100673331 2034
100673344 2035
100673345 2036
100673355 2037
100673357 2038
100673362 2039
100673364 2040
100673367 2041
100673377 2042
100673379 2043
100673391 2044
100673394 2045
100673399 2046
100673413 2047
100673423 2048
100673425 2049
100673439 2050
100673440 2051
100673445 2052
100673450 2053
100673492 2054
100673493 2055
100673525 2056
100673531 2057
100673569 2058
100673591 2059
100673597 2060
100673605 2061
100673606 2062
100673608 2063
100673612 2064
100673621 2065
100673623 2066
100673627 2067
100673635 2068
100673645 2069
100673650 2070
100673651 2071
100673658 2072
100673669 2073
100673674 2074
100673679 2075
100673680 2076
100673683 2077
100673690 2078
100673696 2079
100673700 2080
100673704 2081
100673706 2082
100673713 2083
100673714 2084
100673717 2085
100673728 2086
100673739 2087
100673750 2088
100673754 2089
100673759 2090
100673770 2091
100673788 2092
100673794 2093
100673807 2094
100673817 2095
100673822 2096
100673827 2097
100673833 2098
100673855 2099
100673862 2100
100673865 2101
100673867 2102
100673870 2103
100673872 2104
100673880 2105
100673896 2106
100673897 2107
100673899 2108
100673902 2109
100673910 2110
100673929 2111
100673931 2112
100673966 2113
100673974 2114
100673975 2115
100673982 2116
100673988 2117
100673995 2118
100673996 2119
100674006 2120
100674010 2121
100674013 2122
100674016 2123
100674019 2124
100674023 2125
100674028 2126
100674035 2127
100674036 2128
100674041 2129
100674043 2130
100674062 2131
100674088 2132
100674091 2133
100674092 2134
100674102 2135
100674108 2136
100674118 2137
100674120 2138
100674121 2139
100674127 2140
100674134 2141
100674143 2142
100674148 2143
100674150 2144
100674154 2145
100674156 2146
100674158 2147
100674160 2148
100674164 2149
100674178 2150
100674181 2151
100674184 2152
100674187 2153
100674190 2154
100674196 2155
100674200 2156
100674206 2157
100674214 2158
100674218 2159
100674225 2160
100674230 2161
100674243 2162
100674247 2163
100674248 2164
100674257 2165
100674258 2166
100674259 2167
100674264 2168
100674269 2169
100674285 2170
100674291 2171
100674301 2172
100674318 2173
100674320 2174
100674328 2175
100674331 2176
100674337 2177
100674344 2178
100674349 2179
100674354 2180
100674359 2181
100674360 2182
100674363 2183
100674367 2184
100674380 2185
100674385 2186
100674392 2187
100674393 2188
100674400 2189
100674401 2190
100674406 2191
100674409 2192
100674423 2193
100674430 2194
100674444 2195
100674450 2196
100674461 2197
100674466 2198
100674469 2199
100674483 2200
100674489 2201
100674491 2202
100674496 2203
100674501 2204
100674502 2205
100674504 2206
100674505 2207
100674509 2208
100674515 2209
100674521 2210
100674522 2211
100674528 2212
100674532 2213
100674541 2214
100674550 2215
100674555 2216
100674556 2217
100674560 2218
100674562 2219
100674572 2220
100674574 2221
100674576 2222
100674579 2223
100674583 2224
100674585 2225
100674589 2226
100674590 2227
100674594 2228
100674595 2229
100674598 2230
100674601 2231
100674602 2232
100674604 2233
100674606 2234
100674629 2235
100674632 2236
100674634 2237
100674639 2238
100674643 2239
100674651 2240
100674659 2241
100674668 2242
100674674 2243
100674676 2244
100674682 2245
100674694 2246
100674699 2247
100674704 2248
100674706 2249
100674708 2250
100674712 2251
100674717 2252
100674718 2253
100674724 2254
100674726 2255
100674729 2256
100674732 2257
100674734 2258
100674743 2259
100674750 2260
100674758 2261
100674760 2262
100674767 2263
100674776 2264
100674786 2265
100674794 2266
100674805 2267
100674809 2268
100674814 2269
100674823 2270
100674824 2271
100674839 2272
100674849 2273
100674863 2274
100674866 2275
100674870 2276
100674873 2277
100674889 2278
100674890 2279
100674894 2280
100674898 2281
100674901 2282
100674907 2283
100674909 2284
100674913 2285
100674918 2286
100674919 2287
100674920 2288
100674926 2289
100674930 2290
100674933 2291
100674939 2292
100674948 2293
100674949 2294
100674953 2295
100674960 2296
100674963 2297
100674966 2298
100674967 2299
100674969 2300
100674971 2301
100674982 2302
100674997 2303
100675012 2304
100675016 2305
100675035 2306
100675052 2307
100675053 2308
100675054 2309
100675055 2310
100675060 2311
100675072 2312
100675074 2313
100675088 2314
100675089 2315
100675095 2316
100675097 2317
100675105 2318
100675109 2319
100675110 2320
100675111 2321
100675112 2322
100675118 2323
100675133 2324
100675143 2325
100675150 2326
100675151 2327
100675156 2328
100675159 2329
100675163 2330
100675164 2331
100675172 2332
100675175 2333
100675186 2334
100675187 2335
100675192 2336
100675202 2337
100675209 2338
100675210 2339
100675213 2340
100675214 2341
100675215 2342
100675219 2343
100675225 2344
100675226 2345
100675228 2346
100675230 2347
100675234 2348
100675236 2349
100675239 2350
100675240 2351
100675241 2352
100675243 2353
100675245 2354
100675247 2355
100675250 2356
